object={
	name="tree_africa_generator_1_0"
	clamp_to_water_level=no
	render_under_water=no
	generated_content=yes
	layer="tree_layer"
	pdxmesh="tree_olive_01_mesh"
	count=631
	transform="123.788239 0.000000 2443.690186 0.000000 0.282812 0.000000 0.959175 0.443451 0.443451 0.443451
118.968445 0.000000 2442.764893 0.000000 0.146693 0.000000 0.989182 0.410147 0.410147 0.410147
120.753578 0.000000 2442.679443 0.000000 0.782286 0.000000 0.622919 0.589460 0.589460 0.589460
121.155289 0.000000 2443.787109 0.000000 0.347221 0.000000 -0.937783 1.040344 1.040344 1.040344
1487.303467 0.000000 2442.858887 0.000000 0.443146 0.000000 0.896450 0.484603 0.484603 0.484603
1482.203491 0.000000 2443.657227 0.000000 0.811556 0.000000 0.584275 0.601034 0.601034 0.601034
1483.443359 0.000000 2442.588379 0.000000 0.887668 0.000000 0.460483 0.635757 0.635757 0.635757
1482.266968 0.000000 2442.403320 0.000000 0.173711 0.000000 0.984797 0.416682 0.416682 0.416682
2006.738037 0.000000 2442.764893 0.000000 0.916166 0.000000 -0.400799 0.848451 0.848451 0.848451
2006.727783 0.000000 2443.965332 0.000000 0.987489 0.000000 -0.157686 0.787802 0.787802 0.787802
2107.546387 0.000000 2443.690186 0.000000 0.701086 0.000000 0.713076 0.560476 0.560476 0.560476
2110.474854 0.000000 2442.968018 0.000000 0.941150 0.000000 -0.337988 0.832310 0.832310 0.832310
2108.811279 0.000000 2442.601318 0.000000 0.972258 0.000000 -0.233913 0.806365 0.806365 0.806365
2109.439453 0.000000 2443.785645 0.000000 0.984134 0.000000 0.177428 0.707417 0.707417 0.707417
2109.797363 0.000000 2442.036865 0.000000 0.987497 0.000000 0.157638 0.712209 0.712209 0.712209
2113.255127 0.000000 2442.944580 0.000000 0.798374 0.000000 0.602161 0.595730 0.595730 0.595730
2622.412354 0.000000 2442.968018 0.000000 0.390278 0.000000 0.920697 0.470716 0.470716 0.470716
2625.192627 0.000000 2442.944580 0.000000 0.715367 0.000000 -0.698749 0.934695 0.934695 0.934695
3127.275879 0.000000 2460.894531 0.000000 0.919919 0.000000 0.392109 0.653809 0.653809 0.653809
3127.708008 0.000000 2462.874268 0.000000 0.547241 0.000000 -0.836975 0.986758 0.986758 0.986758
3129.468018 0.000000 2462.941650 0.000000 0.564064 0.000000 0.825731 0.518072 0.518072 0.518072
3127.116211 0.000000 2473.101562 0.000000 0.048319 0.000000 0.998832 0.386540 0.386540 0.386540
3120.228027 0.000000 2482.861084 0.000000 0.321514 0.000000 0.946905 0.453144 0.453144 0.453144
3125.762207 0.000000 2463.492188 0.000000 0.601894 0.000000 0.798576 0.529190 0.529190 0.529190
3132.182861 0.000000 2480.497314 0.000000 0.698269 0.000000 0.715836 0.559534 0.559534 0.559534
3119.104248 0.000000 2474.851074 0.000000 0.985613 0.000000 0.169016 0.709456 0.709456 0.709456
3135.457764 0.000000 2471.968750 0.000000 0.705032 0.000000 -0.709176 0.938200 0.938200 0.938200
3124.585449 0.000000 2478.486328 0.000000 0.065691 0.000000 -0.997840 1.109306 1.109306 1.109306
3129.407471 0.000000 2467.947998 0.000000 0.590860 0.000000 -0.806774 0.974091 0.974091 0.974091
3131.421387 0.000000 2475.682373 0.000000 1.000000 0.000000 -0.000377 0.750090 0.750090 0.750090
3133.156738 0.000000 2485.431885 0.000000 0.795616 0.000000 -0.605801 0.905360 0.905360 0.905360
3123.063477 0.000000 2472.739258 0.000000 0.626446 0.000000 0.779465 0.536618 0.536618 0.536618
3131.331299 0.000000 2471.617188 0.000000 0.563099 0.000000 -0.826389 0.982207 0.982207 0.982207
3128.502686 0.000000 2479.123779 0.000000 0.616554 0.000000 0.787313 0.533604 0.533604 0.533604
3120.956055 0.000000 2486.673828 0.000000 0.196460 0.000000 -0.980512 1.077792 1.077792 1.077792
3123.296631 0.000000 2493.786621 0.000000 0.441125 0.000000 -0.897445 1.015934 1.015934 1.015934
3135.053955 0.000000 2478.025635 0.000000 0.564452 0.000000 -0.825466 0.981815 0.981815 0.981815
3129.707520 0.000000 2463.448486 0.000000 0.097368 0.000000 0.995248 0.398282 0.398282 0.398282
3130.210205 0.000000 2483.464355 0.000000 0.906425 0.000000 0.422367 0.645899 0.645899 0.645899
3123.645020 0.000000 2481.902344 0.000000 0.943266 0.000000 -0.332038 0.830802 0.830802 0.830802
3122.191162 0.000000 2476.160889 0.000000 0.997935 0.000000 0.064225 0.734657 0.734657 0.734657
3127.690674 0.000000 2476.157471 0.000000 0.874544 0.000000 -0.484946 0.870871 0.870871 0.870871
3134.349854 0.000000 2474.960205 0.000000 0.408532 0.000000 0.912744 0.475469 0.475469 0.475469
3134.380371 0.000000 2482.572021 0.000000 0.220651 0.000000 0.975353 0.428114 0.428114 0.428114
3124.935059 0.000000 2475.169922 0.000000 0.821594 0.000000 -0.570074 0.894814 0.894814 0.894814
3127.581787 0.000000 2465.769043 0.000000 0.411668 0.000000 0.911334 0.476290 0.476290 0.476290
3120.284912 0.000000 2472.310791 0.000000 0.819029 0.000000 -0.573752 0.895884 0.895884 0.895884
3131.371338 0.000000 2465.969482 0.000000 0.090789 0.000000 0.995870 0.396704 0.396704 0.396704
3122.656006 0.000000 2484.507568 0.000000 0.876183 0.000000 0.481978 0.629939 0.629939 0.629939
3133.571045 0.000000 2470.115479 0.000000 0.922803 0.000000 0.385272 0.655581 0.655581 0.655581
3129.681396 0.000000 2473.661133 0.000000 0.846084 0.000000 -0.533050 0.884216 0.884216 0.884216
3130.829102 0.000000 2478.163818 0.000000 0.907331 0.000000 -0.420418 0.853587 0.853587 0.853587
3129.650635 0.000000 2481.154541 0.000000 0.571614 0.000000 0.820523 0.520262 0.520262 0.520262
3131.598877 0.000000 2468.672607 0.000000 0.915004 0.000000 0.403444 0.650860 0.650860 0.650860
3128.859375 0.000000 2471.559326 0.000000 0.498530 0.000000 -0.866873 1.000405 1.000405 1.000405
3121.191162 0.000000 2474.274658 0.000000 0.990289 0.000000 0.139024 0.716703 0.716703 0.716703
3132.383301 0.000000 2483.330078 0.000000 0.474797 0.000000 -0.880095 1.006891 1.006891 1.006891
3128.146240 0.000000 2482.727051 0.000000 0.738110 0.000000 -0.674681 0.926789 0.926789 0.926789
3126.649170 0.000000 2478.087158 0.000000 0.876820 0.000000 -0.480819 0.869745 0.869745 0.869745
3120.449463 0.000000 2480.842041 0.000000 0.877682 0.000000 -0.479244 0.869317 0.869317 0.869317
3120.198242 0.000000 2484.841797 0.000000 0.998337 0.000000 -0.057651 0.763771 0.763771 0.763771
3129.572021 0.000000 2476.702881 0.000000 0.731215 0.000000 0.682147 0.570785 0.570785 0.570785
3129.945801 0.000000 2469.846191 0.000000 0.546303 0.000000 -0.837587 0.987026 0.987026 0.987026
3127.843018 0.000000 2463.842041 0.000000 0.658906 0.000000 -0.752226 0.953265 0.953265 0.953265
3129.572510 0.000000 2465.368896 0.000000 0.709886 0.000000 0.704317 0.563440 0.563440 0.563440
3118.298828 0.000000 2483.146240 0.000000 0.988261 0.000000 0.152775 0.713384 0.713384 0.713384
3124.045166 0.000000 2476.756104 0.000000 0.836827 0.000000 -0.547468 0.888306 0.888306 0.888306
3131.192871 0.000000 2482.025879 0.000000 0.069047 0.000000 0.997613 0.391497 0.391497 0.391497
3126.601562 0.000000 2474.757080 0.000000 0.967264 0.000000 -0.253774 0.811254 0.811254 0.811254
3125.715576 0.000000 2476.688477 0.000000 0.931356 0.000000 0.364109 0.661030 0.661030 0.661030
3128.386719 0.000000 2474.671631 0.000000 0.999979 0.000000 0.006464 0.748457 0.748457 0.748457
3130.582764 0.000000 2479.803467 0.000000 0.999783 0.000000 0.020810 0.745032 0.745032 0.745032
3126.352539 0.000000 2479.688232 0.000000 0.925579 0.000000 -0.378554 0.842684 0.842684 0.842684
3134.656006 0.000000 2473.443115 0.000000 0.434581 0.000000 0.900633 0.482328 0.482328 0.482328
3131.941406 0.000000 2470.197998 0.000000 0.651051 0.000000 -0.759034 0.955746 0.955746 0.955746
3132.871338 0.000000 2471.494873 0.000000 0.894937 0.000000 -0.446193 0.860415 0.860415 0.860415
3132.961182 0.000000 2481.843018 0.000000 0.925783 0.000000 -0.378056 0.842555 0.842555 0.842555
3128.236816 0.000000 2477.598145 0.000000 0.998917 0.000000 -0.046520 0.761110 0.761110 0.761110
3133.085205 0.000000 2468.663818 0.000000 0.725194 0.000000 -0.688544 0.931312 0.931312 0.931312
3121.573975 0.000000 2483.516602 0.000000 0.558282 0.000000 -0.829651 0.983596 0.983596 0.983596
3130.780518 0.000000 2467.386719 0.000000 0.802452 0.000000 0.596717 0.597354 0.597354 0.597354
3128.765381 0.000000 2466.555908 0.000000 0.356384 0.000000 0.934339 0.461993 0.461993 0.461993
3121.512451 0.000000 2485.325195 0.000000 0.554409 0.000000 0.832244 0.515292 0.515292 0.515292
3129.466064 0.000000 2478.209961 0.000000 0.729095 0.000000 -0.684412 0.929956 0.929956 0.929956
3131.576416 0.000000 2477.046875 0.000000 0.757010 0.000000 0.653404 0.580005 0.580005 0.580005
3128.788330 0.000000 2475.779297 0.000000 0.011923 0.000000 -0.999929 1.122154 1.122154 1.122154
3128.972900 0.000000 2480.221436 0.000000 0.874138 0.000000 -0.485677 0.871070 0.871070 0.871070
3131.105225 0.000000 2480.908691 0.000000 0.691980 0.000000 -0.721916 0.942554 0.942554 0.942554
3127.375488 0.000000 2479.014404 0.000000 0.856864 0.000000 -0.515542 0.879307 0.879307 0.879307
3126.591064 0.000000 2475.957520 0.000000 0.160557 0.000000 -0.987027 1.086503 1.086503 1.086503
3126.985840 0.000000 2477.032959 0.000000 0.993240 0.000000 0.116077 0.722226 0.722226 0.722226
3143.363037 0.000000 2453.572021 0.000000 0.456867 0.000000 -0.889535 1.011729 1.011729 1.011729
3151.721924 0.000000 2463.141357 0.000000 0.402672 0.000000 -0.915344 1.026061 1.026061 1.026061
3142.082764 0.000000 2458.185303 0.000000 0.332355 0.000000 -0.943154 1.044117 1.044117 1.044117
3138.980469 0.000000 2452.747559 0.000000 0.273606 0.000000 0.961842 0.441162 0.441162 0.441162
3145.389893 0.000000 2456.727051 0.000000 0.125946 0.000000 0.992037 0.405148 0.405148 0.405148
3141.620850 0.000000 2442.644775 0.000000 0.682746 0.000000 0.730655 0.554411 0.554411 0.554411
3140.794434 0.000000 2455.252197 0.000000 0.321285 0.000000 -0.946983 1.046914 1.046914 1.046914
3140.774902 0.000000 2443.873779 0.000000 0.025757 0.000000 0.999668 0.381150 0.381150 0.381150
3140.152588 0.000000 2442.508545 0.000000 0.744352 0.000000 -0.667788 0.924569 0.924569 0.924569
3146.100342 0.000000 2492.921631 0.000000 0.983437 0.000000 0.181248 0.706490 0.706490 0.706490
3162.956787 0.000000 2489.418945 0.000000 0.256498 0.000000 -0.966545 1.063073 1.063073 1.063073
3152.224121 0.000000 2482.861084 0.000000 0.957076 0.000000 -0.289835 0.820200 0.820200 0.820200
3151.100342 0.000000 2474.851074 0.000000 0.999953 0.000000 0.009710 0.747682 0.747682 0.747682
3167.453857 0.000000 2471.968750 0.000000 0.614464 0.000000 0.788945 0.532971 0.532971 0.532971
3143.363037 0.000000 2485.564209 0.000000 0.231146 0.000000 -0.972919 1.069314 1.069314 1.069314
3155.166748 0.000000 2489.939941 0.000000 0.706136 0.000000 -0.708076 0.937827 0.937827 0.937827
3139.827637 0.000000 2470.630371 0.000000 0.988685 0.000000 -0.150006 0.785947 0.785947 0.785947
3158.617188 0.000000 2484.263428 0.000000 0.762368 0.000000 0.647144 0.581972 0.581972 0.581972
3135.714355 0.000000 2481.730957 0.000000 0.862969 0.000000 -0.505256 0.876451 0.876451 0.876451
3156.581543 0.000000 2478.486328 0.000000 0.986485 0.000000 -0.163851 0.789294 0.789294 0.789294
3148.831299 0.000000 2487.651855 0.000000 0.457752 0.000000 0.889080 0.488509 0.488509 0.488509
3151.721924 0.000000 2495.133545 0.000000 0.300417 0.000000 -0.953808 1.052155 1.052155 1.052155
3159.271973 0.000000 2492.886719 0.000000 0.959212 0.000000 -0.282687 0.818419 0.818419 0.818419
3137.130127 0.000000 2474.936768 0.000000 0.663582 0.000000 0.748103 0.548223 0.548223 0.548223
3138.980469 0.000000 2484.739746 0.000000 0.406035 0.000000 -0.913858 1.025183 1.025183 1.025183
3142.980713 0.000000 2467.810791 0.000000 0.916689 0.000000 0.399601 0.651861 0.651861 0.651861
3151.218750 0.000000 2491.031250 0.000000 0.399430 0.000000 0.916764 0.473094 0.473094 0.473094
3149.906982 0.000000 2470.822266 0.000000 0.818783 0.000000 -0.574103 0.895987 0.895987 0.895987
3158.933105 0.000000 2488.889893 0.000000 0.858282 0.000000 -0.513178 0.878649 0.878649 0.878649
3143.483154 0.000000 2481.358887 0.000000 0.315995 0.000000 0.948761 0.451754 0.451754 0.451754
3152.952148 0.000000 2486.673828 0.000000 0.923681 0.000000 -0.383163 0.843874 0.843874 0.843874
3155.292725 0.000000 2493.786621 0.000000 0.818252 0.000000 0.574860 0.603792 0.603792 0.603792
3139.787598 0.000000 2466.207764 0.000000 0.473619 0.000000 -0.880730 1.007210 1.007210 1.007210
3155.641113 0.000000 2481.902344 0.000000 0.570894 0.000000 -0.821024 0.979948 0.979948 0.979948
3139.969727 0.000000 2481.370605 0.000000 0.012477 0.000000 0.999922 0.377979 0.377979 0.377979
3136.406250 0.000000 2478.322266 0.000000 0.092194 0.000000 0.995741 0.397041 0.397041 0.397041
3156.302002 0.000000 2486.726318 0.000000 0.928691 0.000000 0.370854 0.659299 0.659299 0.659299
3154.187256 0.000000 2476.160889 0.000000 0.033992 0.000000 0.999422 0.383116 0.383116 0.383116
3136.666992 0.000000 2471.581787 0.000000 0.998821 0.000000 -0.048546 0.761594 0.761594 0.761594
3161.391846 0.000000 2486.506836 0.000000 0.988112 0.000000 -0.153737 0.786848 0.786848 0.786848
3149.114014 0.000000 2493.192139 0.000000 0.994765 0.000000 -0.102189 0.774439 0.774439 0.774439
3142.519775 0.000000 2471.821045 0.000000 0.974714 0.000000 -0.223457 0.803801 0.803801 0.803801
3135.886963 0.000000 2484.982178 0.000000 0.992342 0.000000 -0.123520 0.779564 0.779564 0.779564
3139.415527 0.000000 2463.403564 0.000000 0.986833 0.000000 0.161744 0.711216 0.711216 0.711216
3148.457764 0.000000 2473.239502 0.000000 0.945863 0.000000 -0.324567 0.828914 0.828914 0.828914
3152.281006 0.000000 2472.310791 0.000000 0.820274 0.000000 0.571970 0.604634 0.604634 0.604634
3154.652100 0.000000 2484.507568 0.000000 0.339555 0.000000 0.940586 0.457707 0.457707 0.457707
3158.335205 0.000000 2481.519531 0.000000 0.954355 0.000000 -0.298674 0.822408 0.822408 0.822408
3154.043945 0.000000 2479.633545 0.000000 0.962282 0.000000 -0.272054 0.815777 0.815777 0.815777
3141.662842 0.000000 2483.493408 0.000000 0.203768 0.000000 -0.979019 1.076011 1.076011 1.076011
3139.228516 0.000000 2473.360596 0.000000 0.702381 0.000000 0.711802 0.560910 0.560910 0.560910
3160.796143 0.000000 2490.785889 0.000000 0.999836 0.000000 -0.018097 0.754321 0.754321 0.754321
3157.355225 0.000000 2491.209717 0.000000 0.372814 0.000000 -0.927906 1.033795 1.033795 1.033795
3152.994385 0.000000 2492.932617 0.000000 0.851503 0.000000 -0.524350 0.881769 0.881769 0.881769
3151.160889 0.000000 2488.467529 0.000000 0.107385 0.000000 -0.994218 1.099314 1.099314 1.099314
3137.906982 0.000000 2482.610107 0.000000 0.643797 0.000000 0.765196 0.541982 0.541982 0.541982
3147.606201 0.000000 2471.072510 0.000000 0.342325 0.000000 -0.939582 1.041589 1.041589 1.041589
3140.702881 0.000000 2468.421143 0.000000 0.463884 0.000000 0.885896 0.490158 0.490158 0.490158
3157.401855 0.000000 2494.621826 0.000000 0.891692 0.000000 -0.452643 0.862139 0.862139 0.862139
3152.074463 0.000000 2476.844727 0.000000 0.892408 0.000000 0.451229 0.638239 0.638239 0.638239
3141.988037 0.000000 2465.824463 0.000000 0.469775 0.000000 0.882786 0.491749 0.491749 0.491749
3158.885010 0.000000 2486.388916 0.000000 0.699929 0.000000 -0.714212 0.939911 0.939911 0.939911
3153.187256 0.000000 2474.274658 0.000000 0.999990 0.000000 -0.004436 0.751059 0.751059 0.751059
3138.544922 0.000000 2468.880371 0.000000 0.042112 0.000000 -0.999113 1.114944 1.114944 1.114944
3145.174805 0.000000 2468.095459 0.000000 0.210206 0.000000 -0.977657 1.074440 1.074440 1.074440
3153.104004 0.000000 2489.562744 0.000000 0.977862 0.000000 0.209251 0.699673 0.699673 0.699673
3154.602051 0.000000 2487.885498 0.000000 0.541654 0.000000 0.840602 0.511651 0.511651 0.511651
3143.262695 0.000000 2469.901855 0.000000 0.246816 0.000000 0.969062 0.434538 0.434538 0.434538
3147.458252 0.000000 2494.542725 0.000000 0.625091 0.000000 0.780552 0.536204 0.536204 0.536204
3135.618652 0.000000 2476.343018 0.000000 0.986494 0.000000 0.163798 0.710719 0.710719 0.710719
3159.704102 0.000000 2494.866455 0.000000 0.905248 0.000000 0.424884 0.645236 0.645236 0.645236
3156.923828 0.000000 2488.657715 0.000000 0.866508 0.000000 -0.499164 0.874770 0.874770 0.874770
3156.698730 0.000000 2483.730713 0.000000 0.490754 0.000000 -0.871298 1.002541 1.002541 1.002541
3161.143555 0.000000 2488.544189 0.000000 0.840485 0.000000 0.541835 0.613297 0.613297 0.613297
3137.486084 0.000000 2480.679443 0.000000 0.277921 0.000000 -0.960604 1.057766 1.057766 1.057766
3135.802246 0.000000 2473.381836 0.000000 0.734074 0.000000 -0.679069 0.928212 0.928212 0.928212
3152.194336 0.000000 2484.841797 0.000000 0.385055 0.000000 -0.922894 1.030637 1.030637 1.030637
3149.322998 0.000000 2495.172607 0.000000 0.843990 0.000000 0.536359 0.614850 0.614850 0.614850
3150.365234 0.000000 2472.971924 0.000000 0.754969 0.000000 -0.655760 0.920739 0.920739 0.920739
3141.650146 0.000000 2480.297363 0.000000 0.390934 0.000000 -0.920419 1.029114 1.029114 1.029114
3141.290039 0.000000 2485.343018 0.000000 0.996891 0.000000 -0.078790 0.768829 0.768829 0.768829
3149.690918 0.000000 2489.648682 0.000000 0.991504 0.000000 0.130073 0.718859 0.718859 0.718859
3154.445068 0.000000 2491.692139 0.000000 0.057654 0.000000 0.998337 0.388771 0.388771 0.388771
3150.632568 0.000000 2486.687500 0.000000 0.867929 0.000000 -0.496688 0.874088 0.874088 0.874088
3156.781006 0.000000 2480.295166 0.000000 0.158158 0.000000 0.987414 0.412917 0.412917 0.412917
3137.529785 0.000000 2476.809082 0.000000 0.977680 0.000000 -0.210101 0.800534 0.800534 0.800534
3153.543701 0.000000 2477.897461 0.000000 0.999723 0.000000 0.023549 0.744378 0.744378 0.744378
3149.381592 0.000000 2491.428955 0.000000 0.891085 0.000000 -0.453836 0.862458 0.862458 0.862458
3141.523926 0.000000 2470.102539 0.000000 0.949153 0.000000 -0.314816 0.826457 0.826457 0.826457
3156.798096 0.000000 2492.912598 0.000000 0.979332 0.000000 -0.202260 0.798622 0.798622 0.798622
3138.380371 0.000000 2471.773682 0.000000 0.557953 0.000000 -0.829872 0.983690 0.983690 0.983690
3140.792725 0.000000 2464.552490 0.000000 0.283766 0.000000 -0.958893 1.056312 1.056312 1.056312
3139.567627 0.000000 2483.063721 0.000000 0.998797 0.000000 0.049030 0.738290 0.738290 0.738290
3158.954834 0.000000 2490.541016 0.000000 0.409228 0.000000 -0.912432 1.024348 1.024348 1.024348
3152.852295 0.000000 2491.301758 0.000000 0.091859 0.000000 0.995772 0.396961 0.396961 0.396961
3157.364258 0.000000 2485.403076 0.000000 0.888362 0.000000 0.459143 0.636117 0.636117 0.636117
3137.515381 0.000000 2473.248291 0.000000 0.485924 0.000000 -0.874001 1.003863 1.003863 1.003863
3160.901123 0.000000 2492.458008 0.000000 0.365649 0.000000 0.930753 0.464365 0.464365 0.464365
3154.757568 0.000000 2486.144287 0.000000 0.851860 0.000000 -0.523769 0.881606 0.881606 0.881606
3141.919678 0.000000 2481.950684 0.000000 0.996222 0.000000 -0.086844 0.770759 0.770759 0.770759
3155.100342 0.000000 2477.973389 0.000000 0.391260 0.000000 -0.920280 1.029029 1.029029 1.029029
3157.070801 0.000000 2482.297363 0.000000 0.962225 0.000000 -0.272255 0.815827 0.815827 0.815827
3152.634277 0.000000 2488.119873 0.000000 0.991983 0.000000 0.126368 0.719751 0.719751 0.719751
3157.766357 0.000000 2487.430420 0.000000 0.992262 0.000000 0.124162 0.720282 0.720282 0.720282
3155.916748 0.000000 2491.558838 0.000000 0.482396 0.000000 -0.875953 1.004825 1.004825 1.004825
3141.039062 0.000000 2466.976074 0.000000 0.139852 0.000000 0.990172 0.408497 0.408497 0.408497
3155.929688 0.000000 2485.246094 0.000000 0.573337 0.000000 0.819320 0.520763 0.520763 0.520763
3155.485596 0.000000 2479.469971 0.000000 0.430857 0.000000 0.902420 0.481342 0.481342 0.481342
3153.741943 0.000000 2472.174561 0.000000 0.978854 0.000000 -0.204561 0.799183 0.799183 0.799183
3149.263184 0.000000 2472.095947 0.000000 0.731077 0.000000 0.682294 0.570737 0.570737 0.570737
3140.318848 0.000000 2484.283203 0.000000 0.415824 0.000000 0.909445 0.477380 0.477380 0.477380
3152.431641 0.000000 2475.488770 0.000000 0.354861 0.000000 -0.934919 1.038396 1.038396 1.038396
3157.670166 0.000000 2489.836426 0.000000 0.996981 0.000000 -0.077640 0.768554 0.768554 0.768554
3151.927734 0.000000 2473.679932 0.000000 0.269977 0.000000 0.962867 0.440262 0.440262 0.440262
3144.492676 0.000000 2469.289307 0.000000 0.893108 0.000000 -0.449842 0.861390 0.861390 0.861390
3148.688965 0.000000 2470.154541 0.000000 0.927702 0.000000 -0.373321 0.841336 0.841336 0.841336
3142.042725 0.000000 2468.869141 0.000000 0.860007 0.000000 -0.510282 0.877844 0.877844 0.877844
3154.881104 0.000000 2480.773926 0.000000 0.991112 0.000000 0.133033 0.718146 0.718146 0.718146
3151.759033 0.000000 2489.725098 0.000000 0.986769 0.000000 -0.162134 0.788878 0.788878 0.788878
3138.823975 0.000000 2480.676270 0.000000 0.926149 0.000000 -0.377159 0.842324 0.842324 0.842324
3159.718506 0.000000 2491.647949 0.000000 0.251295 0.000000 -0.967911 1.064358 1.064358 1.064358
3160.416016 0.000000 2493.713135 0.000000 0.837022 0.000000 0.547170 0.611779 0.611779 0.611779
3137.851562 0.000000 2478.099609 0.000000 0.987346 0.000000 0.158578 0.711982 0.711982 0.711982
3137.254883 0.000000 2479.359863 0.000000 0.258541 0.000000 0.966000 0.437431 0.437431 0.437431
3156.398193 0.000000 2490.335938 0.000000 0.423745 0.000000 0.905781 0.479464 0.479464 0.479464
3158.043213 0.000000 2492.491455 0.000000 0.140008 0.000000 -0.990150 1.091465 1.091465 1.091465
3155.611084 0.000000 2488.690430 0.000000 0.683590 0.000000 -0.729867 0.945313 0.945313 0.945313
3140.684570 0.000000 2482.424561 0.000000 0.554941 0.000000 0.831889 0.515445 0.515445 0.515445
3154.246338 0.000000 2489.074707 0.000000 0.872582 0.000000 0.488468 0.628167 0.628167 0.628167
3138.918457 0.000000 2481.948486 0.000000 0.447933 0.000000 0.894067 0.485880 0.485880 0.485880
3136.396240 0.000000 2477.176270 0.000000 0.699279 0.000000 0.714849 0.559872 0.559872 0.559872
3137.938721 0.000000 2475.713379 0.000000 0.177427 0.000000 -0.984134 1.082417 1.082417 1.082417
3141.892090 0.000000 2467.665771 0.000000 0.797338 0.000000 0.603534 0.595319 0.595319 0.595319
3173.028809 0.000000 2478.020752 0.000000 0.905319 0.000000 0.424732 0.645276 0.645276 0.645276
3184.220215 0.000000 2482.861084 0.000000 0.793533 0.000000 0.608527 0.593821 0.593821 0.593821
3183.096436 0.000000 2474.851074 0.000000 0.826903 0.000000 0.562344 0.607425 0.607425 0.607425
3171.823730 0.000000 2470.630371 0.000000 0.891282 0.000000 -0.453449 0.862355 0.862355 0.862355
3179.001709 0.000000 2479.385986 0.000000 0.238219 0.000000 -0.971211 1.067577 1.067577 1.067577
3169.126221 0.000000 2474.936768 0.000000 0.992769 0.000000 0.120039 0.721274 0.721274 0.721274
3183.348145 0.000000 2479.092041 0.000000 0.479129 0.000000 -0.877744 1.005714 1.005714 1.005714
3173.616943 0.000000 2474.636963 0.000000 0.412641 0.000000 -0.910894 1.023455 1.023455 1.023455
3176.464600 0.000000 2477.092285 0.000000 0.649574 0.000000 -0.760298 0.956210 0.956210 0.956210
3180.004150 0.000000 2476.079834 0.000000 0.819969 0.000000 0.572408 0.604507 0.604507 0.604507
3168.663086 0.000000 2471.581787 0.000000 0.618580 0.000000 -0.785722 0.965781 0.965781 0.965781
3171.224609 0.000000 2473.360596 0.000000 0.812876 0.000000 0.582436 0.601575 0.601575 0.601575
3171.313232 0.000000 2476.207031 0.000000 0.366158 0.000000 -0.930553 1.035505 1.035505 1.035505
3181.049316 0.000000 2478.201416 0.000000 0.871901 0.000000 0.489683 0.627834 0.627834 0.627834
3175.608887 0.000000 2475.199707 0.000000 0.930924 0.000000 -0.365212 0.839253 0.839253 0.839253
3174.135742 0.000000 2476.469238 0.000000 0.060259 0.000000 0.998183 0.389394 0.389394 0.389394
3169.511475 0.000000 2473.248291 0.000000 0.203622 0.000000 0.979050 0.423953 0.423953 0.423953
3170.688232 0.000000 2474.826904 0.000000 0.630943 0.000000 0.775829 0.537999 0.537999 0.537999
3100.186768 0.000000 2512.489502 0.000000 0.162831 0.000000 0.986654 0.414047 0.414047 0.414047
3094.625000 0.000000 2516.255615 0.000000 0.902950 0.000000 -0.429746 0.856048 0.856048 0.856048
3092.589355 0.000000 2510.478516 0.000000 0.613952 0.000000 0.789343 0.532816 0.532816 0.532816
3101.160645 0.000000 2517.424072 0.000000 0.441472 0.000000 -0.897275 1.015842 1.015842 1.015842
3096.506592 0.000000 2511.115967 0.000000 0.653430 0.000000 0.756987 0.545003 0.545003 0.545003
3103.057861 0.000000 2510.017822 0.000000 0.863671 0.000000 0.504056 0.623880 0.623880 0.623880
3098.214111 0.000000 2515.456543 0.000000 0.997241 0.000000 -0.074226 0.767736 0.767736 0.767736
3102.384277 0.000000 2514.564209 0.000000 0.708729 0.000000 0.705481 0.563048 0.563048 0.563048
3094.343018 0.000000 2513.511719 0.000000 0.827089 0.000000 0.562071 0.607504 0.607504 0.607504
3098.833008 0.000000 2510.156006 0.000000 0.698962 0.000000 -0.715159 0.940234 0.940234 0.940234
3097.654541 0.000000 2513.146729 0.000000 0.278954 0.000000 0.960305 0.442491 0.442491 0.442491
3100.387207 0.000000 2515.322266 0.000000 0.543830 0.000000 -0.839196 0.987730 0.987730 0.987730
3096.150146 0.000000 2514.719238 0.000000 0.955136 0.000000 -0.296169 0.821782 0.821782 0.821782
3102.261475 0.000000 2512.026855 0.000000 0.597571 0.000000 -0.801816 0.972099 0.972099 0.972099
3094.653076 0.000000 2510.079346 0.000000 0.869562 0.000000 0.493824 0.626699 0.626699 0.626699
3102.861084 0.000000 2518.837891 0.000000 0.845873 0.000000 -0.533384 0.884310 0.884310 0.884310
3102.867676 0.000000 2516.356445 0.000000 0.411132 0.000000 -0.911576 1.023850 1.023850 1.023850
3099.318604 0.000000 2516.767822 0.000000 0.903592 0.000000 -0.428393 0.855690 0.855690 0.855690
3095.884277 0.000000 2512.771973 0.000000 0.992696 0.000000 -0.120644 0.778872 0.778872 0.778872
3099.196777 0.000000 2514.018066 0.000000 0.733941 0.000000 0.679214 0.571741 0.571741 0.571741
3094.356445 0.000000 2511.680420 0.000000 0.952613 0.000000 0.304184 0.676212 0.676212 0.676212
3100.965088 0.000000 2513.835205 0.000000 0.511126 0.000000 -0.859506 0.996921 0.996921 0.996921
3103.015869 0.000000 2513.294189 0.000000 0.446151 0.000000 0.894958 0.485404 0.485404 0.485404
3101.488037 0.000000 2516.108643 0.000000 0.601442 0.000000 0.798917 0.529055 0.529055 0.529055
3097.469971 0.000000 2510.202148 0.000000 0.859646 0.000000 0.510889 0.621987 0.621987 0.621987
3102.614990 0.000000 2517.605225 0.000000 0.531531 0.000000 0.847039 0.508787 0.508787 0.508787
3097.366455 0.000000 2514.372070 0.000000 0.853605 0.000000 -0.520921 0.880808 0.880808 0.880808
3096.976807 0.000000 2512.213623 0.000000 0.947753 0.000000 -0.319004 0.827511 0.827511 0.827511
3097.018555 0.000000 2515.503418 0.000000 0.403739 0.000000 0.914874 0.474217 0.474217 0.474217
3099.109131 0.000000 2512.900879 0.000000 0.998086 0.000000 -0.061836 0.764772 0.764772 0.764772
3100.422607 0.000000 2516.579834 0.000000 0.949259 0.000000 0.314494 0.673624 0.673624 0.673624
3114.104248 0.000000 2524.913818 0.000000 0.007680 0.000000 0.999970 0.376833 0.376833 0.376833
3109.036621 0.000000 2510.012939 0.000000 0.259449 0.000000 -0.965757 1.062344 1.062344 1.062344
3111.366943 0.000000 2517.556396 0.000000 0.505821 0.000000 -0.862638 0.998392 0.998392 0.998392
3103.718262 0.000000 2513.723145 0.000000 0.545013 0.000000 -0.838427 0.987393 0.987393 0.987393
3116.835205 0.000000 2519.644043 0.000000 0.636460 0.000000 0.771310 0.539701 0.539701 0.539701
3106.984375 0.000000 2516.731934 0.000000 0.127700 0.000000 -0.991813 1.094430 1.094430 1.094430
3111.487061 0.000000 2513.351074 0.000000 0.681742 0.000000 0.731593 0.554083 0.554083 0.554083
3107.973633 0.000000 2513.362793 0.000000 0.998397 0.000000 -0.056597 0.763519 0.763519 0.763519
3104.410156 0.000000 2510.314453 0.000000 0.998417 0.000000 -0.056253 0.763437 0.763437 0.763437
3112.472412 0.000000 2509.084473 0.000000 0.279836 0.000000 -0.960048 1.057290 1.057290 1.057290
3108.798340 0.000000 2519.236572 0.000000 0.996515 0.000000 0.083413 0.730063 0.730063 0.730063
3114.174561 0.000000 2517.920654 0.000000 0.714571 0.000000 -0.699563 0.934966 0.934966 0.934966
3103.890869 0.000000 2516.974365 0.000000 0.473164 0.000000 0.880974 0.492666 0.492666 0.492666
3109.666748 0.000000 2515.485596 0.000000 0.001108 0.000000 0.999999 0.375265 0.375265 0.375265
3106.196045 0.000000 2519.113037 0.000000 0.478936 0.000000 0.877850 0.494233 0.494233 0.494233
3112.744629 0.000000 2527.039307 0.000000 0.749036 0.000000 0.662529 0.577112 0.577112 0.577112
3112.868408 0.000000 2515.578125 0.000000 0.487265 0.000000 -0.873254 1.003496 1.003496 1.003496
3106.729492 0.000000 2511.113037 0.000000 0.353469 0.000000 0.935446 0.461248 0.461248 0.461248
3105.910889 0.000000 2514.602295 0.000000 0.929629 0.000000 -0.368497 0.840096 0.840096 0.840096
3111.217529 0.000000 2511.038574 0.000000 0.149681 0.000000 -0.988734 1.089132 1.089132 1.089132
3115.462158 0.000000 2526.534912 0.000000 0.626784 0.000000 0.779193 0.536722 0.536722 0.536722
3105.489990 0.000000 2512.671631 0.000000 0.731395 0.000000 0.681955 0.570848 0.570848 0.570848
3117.326904 0.000000 2527.164795 0.000000 0.208529 0.000000 -0.978016 1.074849 1.074849 1.074849
3109.654053 0.000000 2512.289551 0.000000 0.812724 0.000000 -0.582649 0.898488 0.898488 0.898488
3109.293945 0.000000 2517.335205 0.000000 0.584338 0.000000 0.811511 0.523984 0.523984 0.523984
3103.672852 0.000000 2511.932861 0.000000 0.719305 0.000000 0.694695 0.566655 0.566655 0.566655
3107.571533 0.000000 2515.055908 0.000000 0.997218 0.000000 -0.074540 0.767812 0.767812 0.767812
3104.397705 0.000000 2515.380127 0.000000 0.999921 0.000000 -0.012560 0.752999 0.752999 0.752999
3111.275146 0.000000 2515.009033 0.000000 0.992496 0.000000 -0.122273 0.779264 0.779264 0.779264
3105.486572 0.000000 2517.282471 0.000000 0.373992 0.000000 -0.927432 1.033492 1.033492 1.033492
3112.871826 0.000000 2517.148438 0.000000 0.977208 0.000000 -0.212285 0.801068 0.801068 0.801068
3108.322754 0.000000 2516.275391 0.000000 0.989999 0.000000 0.141074 0.716208 0.716208 0.716208
3106.827881 0.000000 2512.668457 0.000000 0.556214 0.000000 0.831039 0.515810 0.515810 0.515810
3105.872070 0.000000 2515.971191 0.000000 0.804478 0.000000 0.593982 0.598166 0.598166 0.598166
3108.688477 0.000000 2514.416748 0.000000 0.867414 0.000000 -0.497588 0.874336 0.874336 0.874336
3108.186035 0.000000 2517.343262 0.000000 0.999157 0.000000 -0.041044 0.759801 0.759801 0.759801
3115.224121 0.000000 2531.559082 0.000000 0.977636 0.000000 -0.210302 0.800584 0.800584 0.800584
3121.619141 0.000000 2532.784424 0.000000 0.499186 0.000000 0.866495 0.499776 0.499776 0.499776
3118.675781 0.000000 2528.558594 0.000000 0.284176 0.000000 0.958772 0.443790 0.443790 0.443790
3123.063477 0.000000 2536.723633 0.000000 0.328349 0.000000 0.944556 0.454869 0.454869 0.454869
3117.910889 0.000000 2534.806641 0.000000 0.123883 0.000000 -0.992297 1.095349 1.095349 1.095349
3115.209229 0.000000 2527.570068 0.000000 0.881771 0.000000 0.471677 0.632737 0.632737 0.632737
3112.721436 0.000000 2529.329834 0.000000 0.211244 0.000000 0.977433 0.425813 0.425813 0.425813
3118.717773 0.000000 2531.629150 0.000000 0.507415 0.000000 0.861702 0.502049 0.502049 0.502049
3124.935059 0.000000 2539.154297 0.000000 0.524285 0.000000 0.851543 0.506750 0.506750 0.506750
3120.284912 0.000000 2536.295166 0.000000 0.725456 0.000000 -0.688268 0.931222 0.931222 0.931222
3124.047852 0.000000 2534.130127 0.000000 0.690689 0.000000 -0.723152 0.942981 0.942981 0.942981
3116.506592 0.000000 2529.562744 0.000000 0.996293 0.000000 -0.086021 0.770561 0.770561 0.770561
3120.549316 0.000000 2530.408203 0.000000 0.905578 0.000000 -0.424180 0.854578 0.854578 0.854578
3116.923828 0.000000 2532.774658 0.000000 0.471198 0.000000 0.882028 0.492134 0.492134 0.492134
3119.794922 0.000000 2533.886719 0.000000 0.999994 0.000000 -0.003488 0.750833 0.750833 0.750833
3122.060303 0.000000 2534.740967 0.000000 0.921816 0.000000 -0.387628 0.845029 0.845029 0.845029
3114.566406 0.000000 2529.784912 0.000000 0.994889 0.000000 -0.100974 0.774147 0.774147 0.774147
3117.045410 0.000000 2527.884277 0.000000 0.966598 0.000000 -0.256297 0.811877 0.811877 0.811877
3117.043213 0.000000 2531.127930 0.000000 0.871230 0.000000 0.490876 0.627508 0.627508 0.627508
3120.177734 0.000000 2532.125732 0.000000 0.951314 0.000000 0.308222 0.675200 0.675200 0.675200
3118.351562 0.000000 2530.123779 0.000000 0.261517 0.000000 0.965199 0.438167 0.438167 0.438167
3118.365479 0.000000 2533.168457 0.000000 0.199728 0.000000 -0.979851 1.076996 1.076996 1.076996
3120.673828 0.000000 2534.980713 0.000000 0.947234 0.000000 0.320542 0.672101 0.672101 0.672101
3114.333496 0.000000 2528.488037 0.000000 0.996690 0.000000 -0.081295 0.769429 0.769429 0.769429
3115.536865 0.000000 2528.746338 0.000000 0.225170 0.000000 0.974320 0.429220 0.429220 0.429220
3119.442871 0.000000 2530.717285 0.000000 0.998019 0.000000 0.062913 0.734971 0.734971 0.734971
3117.536377 0.000000 2528.926514 0.000000 0.081430 0.000000 0.996679 0.394462 0.394462 0.394462
3162.956787 0.000000 2521.411133 0.000000 0.413385 0.000000 -0.910556 1.023260 1.023260 1.023260
3157.758301 0.000000 2495.484375 0.000000 0.233318 0.000000 -0.972400 1.068781 1.068781 1.068781
3158.617188 0.000000 2516.255615 0.000000 0.968311 0.000000 -0.249748 0.810261 0.810261 0.810261
3156.581543 0.000000 2510.478516 0.000000 0.990494 0.000000 -0.137559 0.782944 0.782944 0.782944
3165.275391 0.000000 2525.612549 0.000000 0.458345 0.000000 0.888774 0.488668 0.488668 0.488668
3150.671875 0.000000 2496.566406 0.000000 0.995721 0.000000 0.092412 0.727907 0.727907 0.727907
3158.933105 0.000000 2520.882080 0.000000 0.318045 0.000000 0.948076 0.452270 0.452270 0.452270
3161.703613 0.000000 2495.440674 0.000000 0.060268 0.000000 -0.998182 1.110603 1.110603 1.110603
3147.205322 0.000000 2495.577881 0.000000 0.123556 0.000000 -0.992338 1.095428 1.095428 1.095428
3166.032959 0.000000 2522.408691 0.000000 0.378805 0.000000 0.925476 0.467749 0.467749 0.467749
3161.391846 0.000000 2518.499023 0.000000 0.604567 0.000000 0.796554 0.529990 0.529990 0.529990
3162.210449 0.000000 2525.494629 0.000000 0.535136 0.000000 0.844766 0.509805 0.509805 0.509805
3165.218018 0.000000 2520.023926 0.000000 0.373254 0.000000 -0.927729 1.033681 1.033681 1.033681
3160.796143 0.000000 2522.778076 0.000000 0.341496 0.000000 -0.939883 1.041800 1.041800 1.041800
3163.852539 0.000000 2523.665039 0.000000 0.128730 0.000000 -0.991680 1.094182 1.094182 1.094182
3148.502686 0.000000 2497.570557 0.000000 0.963346 0.000000 -0.268264 0.814837 0.814837 0.814837
3152.545410 0.000000 2498.416016 0.000000 0.999900 0.000000 0.014112 0.746631 0.746631 0.746631
3158.885010 0.000000 2518.381104 0.000000 0.933526 0.000000 -0.358509 0.837536 0.837536 0.837536
3163.418701 0.000000 2518.507324 0.000000 0.985496 0.000000 -0.169701 0.790710 0.790710 0.790710
3156.698730 0.000000 2515.722900 0.000000 0.334147 0.000000 -0.942521 1.043664 1.043664 1.043664
3166.897705 0.000000 2524.364746 0.000000 0.674447 0.000000 0.738324 0.551713 0.551713 0.551713
3161.143555 0.000000 2520.536377 0.000000 0.723244 0.000000 0.690593 0.568012 0.568012 0.568012
3160.617676 0.000000 2516.611084 0.000000 0.698333 0.000000 -0.715773 0.940444 0.940444 0.940444
3166.903076 0.000000 2526.608154 0.000000 0.886032 0.000000 -0.463623 0.865088 0.865088 0.865088
3156.781006 0.000000 2512.287354 0.000000 0.224266 0.000000 0.974528 0.428999 0.428999 0.428999
3149.041504 0.000000 2495.892090 0.000000 0.908323 0.000000 0.418269 0.646978 0.646978 0.646978
3166.823975 0.000000 2520.856934 0.000000 0.718184 0.000000 -0.695854 0.933730 0.933730 0.933730
3157.364258 0.000000 2517.395264 0.000000 0.998493 0.000000 -0.054876 0.763107 0.763107 0.763107
3162.242676 0.000000 2523.464844 0.000000 0.573782 0.000000 0.819008 0.520893 0.520893 0.520893
3162.557617 0.000000 2519.846680 0.000000 0.651959 0.000000 -0.758254 0.955461 0.955461 0.955461
3164.560059 0.000000 2521.847900 0.000000 0.996323 0.000000 -0.085677 0.770479 0.770479 0.770479
3165.433838 0.000000 2523.828125 0.000000 0.461828 0.000000 0.886969 0.489605 0.489605 0.489605
3160.036865 0.000000 2519.382568 0.000000 0.821436 0.000000 -0.570301 0.894880 0.894880 0.894880
3157.070801 0.000000 2514.289551 0.000000 0.010868 0.000000 0.999941 0.377595 0.377595 0.377595
3163.816406 0.000000 2525.421875 0.000000 0.920040 0.000000 -0.391825 0.846117 0.846117 0.846117
3160.159424 0.000000 2521.527588 0.000000 0.972245 0.000000 -0.233964 0.806377 0.806377 0.806377
3161.885986 0.000000 2517.036377 0.000000 0.392186 0.000000 -0.919886 1.028789 1.028789 1.028789
3164.787598 0.000000 2518.743652 0.000000 0.091977 0.000000 0.995761 0.396989 0.396989 0.396989
3163.825928 0.000000 2520.383789 0.000000 0.105276 0.000000 -0.994443 1.099820 1.099820 1.099820
3161.740479 0.000000 2521.879395 0.000000 0.689428 0.000000 -0.724354 0.943396 0.943396 0.943396
3160.115967 0.000000 2517.883545 0.000000 0.425407 0.000000 0.905002 0.479902 0.479902 0.479902
3158.686523 0.000000 2514.749023 0.000000 0.942178 0.000000 0.335112 0.668419 0.668419 0.668419
3163.128662 0.000000 2522.627686 0.000000 0.382830 0.000000 0.923819 0.468788 0.468788 0.468788
3165.609375 0.000000 2521.238770 0.000000 0.778764 0.000000 0.627317 0.588115 0.588115 0.588115
3162.974365 0.000000 2524.545410 0.000000 0.999778 0.000000 0.021086 0.744966 0.744966 0.744966
3167.058350 0.000000 2523.184570 0.000000 0.983172 0.000000 -0.182681 0.793858 0.793858 0.793858
3167.163086 0.000000 2522.006104 0.000000 0.402282 0.000000 -0.915516 1.026163 1.026163 1.026163
3167.151611 0.000000 2525.475342 0.000000 0.953330 0.000000 -0.301932 0.823224 0.823224 0.823224
3164.603271 0.000000 2524.596924 0.000000 0.620220 0.000000 -0.784428 0.965283 0.965283 0.965283
3159.309570 0.000000 2517.139404 0.000000 0.950056 0.000000 -0.312079 0.825769 0.825769 0.825769
3164.886719 0.000000 2522.907227 0.000000 0.280663 0.000000 0.959806 0.442916 0.442916 0.442916
3167.768799 0.000000 2520.124512 0.000000 0.745545 0.000000 -0.666456 0.924142 0.924142 0.924142
3170.462402 0.000000 2525.367676 0.000000 0.995605 0.000000 0.093650 0.727610 0.727610 0.727610
3181.903076 0.000000 2502.814453 0.000000 0.871349 0.000000 0.490664 0.627566 0.627566 0.627566
3167.752686 0.000000 2523.435303 0.000000 0.386017 0.000000 0.922492 0.469612 0.469612 0.469612
3167.772949 0.000000 2526.435791 0.000000 0.441455 0.000000 0.897283 0.484153 0.484153 0.484153
3179.602295 0.000000 2503.064697 0.000000 0.993432 0.000000 0.114428 0.722622 0.722622 0.722622
3172.536133 0.000000 2526.458984 0.000000 0.576815 0.000000 -0.816875 0.978221 0.978221 0.978221
3169.569580 0.000000 2527.003906 0.000000 0.117155 0.000000 0.993114 0.403033 0.403033 0.403033
3168.759277 0.000000 2524.826416 0.000000 0.550199 0.000000 0.835034 0.514086 0.514086 0.514086
3171.169678 0.000000 2526.596924 0.000000 0.877837 0.000000 0.478960 0.630761 0.630761 0.630761
3167.617188 0.000000 2522.020996 0.000000 0.122038 0.000000 0.992525 0.404207 0.404207 0.404207
3168.901367 0.000000 2522.992188 0.000000 0.516704 0.000000 0.856164 0.504631 0.504631 0.504631
3169.399414 0.000000 2525.784912 0.000000 0.280593 0.000000 -0.959827 1.057102 1.057102 1.057102
3167.681396 0.000000 2524.610352 0.000000 0.694892 0.000000 0.719114 0.558411 0.558411 0.558411
3165.360107 0.000000 2527.824707 0.000000 0.891892 0.000000 -0.452248 0.862033 0.862033 0.862033
3167.016602 0.000000 2527.797119 0.000000 0.463220 0.000000 -0.886243 1.010020 1.010020 1.010020
3173.028809 0.000000 2542.005127 0.000000 0.946631 0.000000 -0.322319 0.828347 0.828347 0.828347
3167.914062 0.000000 2527.941162 0.000000 0.627991 0.000000 -0.778221 0.962908 0.962908 0.962908
3179.216309 0.000000 2531.559082 0.000000 0.443549 0.000000 -0.896250 1.015289 1.015289 1.015289
3199.449951 0.000000 2535.953125 0.000000 0.706868 0.000000 0.707345 0.562419 0.562419 0.562419
3171.823730 0.000000 2534.614746 0.000000 0.762120 0.000000 -0.647436 0.918119 0.918119 0.918119
3174.249756 0.000000 2527.535645 0.000000 0.879971 0.000000 0.475028 0.631829 0.631829 0.631829
3179.001709 0.000000 2543.370361 0.000000 0.451374 0.000000 0.892335 0.486800 0.486800 0.486800
3188.577637 0.000000 2542.470703 0.000000 0.845491 0.000000 -0.533990 0.884481 0.884481 0.884481
3193.399658 0.000000 2531.932373 0.000000 0.870705 0.000000 -0.491806 0.872747 0.872747 0.872747
3169.126221 0.000000 2538.921143 0.000000 0.854944 0.000000 0.518720 0.619807 0.619807 0.619807
3170.976562 0.000000 2548.724121 0.000000 0.882960 0.000000 0.469448 0.633340 0.633340 0.633340
3174.976807 0.000000 2531.795166 0.000000 0.186366 0.000000 0.982480 0.419753 0.419753 0.419753
3195.323486 0.000000 2535.601562 0.000000 0.094458 0.000000 -0.995529 1.102416 1.102416 1.102416
3181.903076 0.000000 2534.806641 0.000000 0.026776 0.000000 -0.999641 1.118607 1.118607 1.118607
3175.479248 0.000000 2545.343262 0.000000 0.662845 0.000000 0.748757 0.547988 0.547988 0.547988
3183.348145 0.000000 2543.076416 0.000000 0.313408 0.000000 -0.949619 1.048897 1.048897 1.048897
3198.228760 0.000000 2531.518066 0.000000 0.645218 0.000000 0.763999 0.542425 0.542425 0.542425
3171.783691 0.000000 2530.192139 0.000000 0.694244 0.000000 0.719740 0.558196 0.558196 0.558196
3187.637207 0.000000 2545.886719 0.000000 0.959239 0.000000 -0.282597 0.818397 0.818397 0.818397
3171.965820 0.000000 2545.354980 0.000000 0.447210 0.000000 0.894429 0.485687 0.485687 0.485687
3173.616943 0.000000 2538.621338 0.000000 0.164637 0.000000 0.986354 0.414484 0.414484 0.414484
3176.464600 0.000000 2541.076660 0.000000 0.732231 0.000000 -0.681056 0.928859 0.928859 0.928859
3186.183350 0.000000 2540.145264 0.000000 0.605614 0.000000 0.795758 0.530304 0.530304 0.530304
3180.004150 0.000000 2540.064209 0.000000 0.933434 0.000000 -0.358749 0.837597 0.837597 0.837597
3191.682861 0.000000 2540.141846 0.000000 0.091718 0.000000 -0.995785 1.103073 1.103073 1.103073
3176.713623 0.000000 2529.329834 0.000000 0.966591 0.000000 -0.256323 0.811883 0.811883 0.811883
3181.627197 0.000000 2545.406494 0.000000 0.078845 0.000000 0.996887 0.393842 0.393842 0.393842
3171.411621 0.000000 2527.387939 0.000000 0.627575 0.000000 0.778556 0.536964 0.536964 0.536964
3195.363525 0.000000 2529.953857 0.000000 0.693021 0.000000 -0.720918 0.942210 0.942210 0.942210
3186.040039 0.000000 2543.617920 0.000000 0.693041 0.000000 -0.720898 0.942203 0.942203 0.942203
3173.658936 0.000000 2547.477783 0.000000 0.733853 0.000000 0.679308 0.571710 0.571710 0.571710
3197.563232 0.000000 2534.099854 0.000000 0.057663 0.000000 0.998336 0.388774 0.388774 0.388774
3171.224609 0.000000 2537.344971 0.000000 0.283669 0.000000 -0.958922 1.056336 1.056336 1.056336
3170.721680 0.000000 2543.105225 0.000000 0.259310 0.000000 -0.965794 1.062379 1.062379 1.062379
3171.313232 0.000000 2540.191406 0.000000 0.171547 0.000000 -0.985176 1.083843 1.083843 1.083843
3169.903076 0.000000 2546.594482 0.000000 0.998998 0.000000 -0.044756 0.760688 0.760688 0.760688
3181.049316 0.000000 2542.185791 0.000000 0.717047 0.000000 -0.697024 0.934120 0.934120 0.934120
3169.497070 0.000000 2529.799072 0.000000 0.864317 0.000000 0.502947 0.624187 0.624187 0.624187
3195.591064 0.000000 2532.656982 0.000000 0.728827 0.000000 0.684698 0.569951 0.569951 0.569951
3177.994629 0.000000 2545.457031 0.000000 0.272658 0.000000 0.962111 0.440927 0.440927 0.440927
3175.209717 0.000000 2543.030762 0.000000 0.758497 0.000000 -0.651676 0.919450 0.919450 0.919450
3192.851562 0.000000 2535.543701 0.000000 0.552970 0.000000 -0.833201 0.985121 0.985121 0.985121
3184.070557 0.000000 2540.829102 0.000000 0.552610 0.000000 0.833440 0.514776 0.514776 0.514776
3173.984131 0.000000 2529.808838 0.000000 0.970982 0.000000 0.239154 0.692347 0.692347 0.692347
3180.916016 0.000000 2532.774658 0.000000 0.834869 0.000000 -0.550448 0.889157 0.889157 0.889157
3190.641357 0.000000 2542.071533 0.000000 0.989345 0.000000 -0.145593 0.784882 0.784882 0.784882
3199.605957 0.000000 2533.771729 0.000000 0.730082 0.000000 -0.683360 0.929611 0.929611 0.929611
3193.937988 0.000000 2533.830566 0.000000 0.834875 0.000000 -0.550440 0.889155 0.889155 0.889155
3173.646240 0.000000 2544.281738 0.000000 0.598541 0.000000 0.801092 0.528190 0.528190 0.528190
3176.939209 0.000000 2543.870361 0.000000 0.971158 0.000000 0.238438 0.692523 0.692523 0.692523
3182.036621 0.000000 2540.554199 0.000000 0.496895 0.000000 0.867811 0.499145 0.499145 0.499145
3188.037354 0.000000 2540.740479 0.000000 0.664260 0.000000 -0.747502 0.951560 0.951560 0.951560
3185.539795 0.000000 2541.881836 0.000000 0.638788 0.000000 -0.769383 0.959577 0.959577 0.959577
3180.719971 0.000000 2543.916504 0.000000 0.888983 0.000000 -0.457941 0.863560 0.863560 0.863560
3179.809326 0.000000 2545.540771 0.000000 0.174301 0.000000 0.984693 0.416825 0.416825 0.416825
3172.788818 0.000000 2528.536865 0.000000 0.410111 0.000000 0.912036 0.475882 0.475882 0.475882
3196.588379 0.000000 2531.192871 0.000000 0.070008 0.000000 -0.997546 1.108273 1.108273 1.108273
3169.761230 0.000000 2527.855957 0.000000 0.963729 0.000000 0.266882 0.685505 0.685505 0.685505
3196.863525 0.000000 2535.479248 0.000000 0.997464 0.000000 0.071166 0.732996 0.732996 0.732996
3173.915771 0.000000 2545.935059 0.000000 0.989136 0.000000 0.147006 0.714777 0.714777 0.714777
3177.261963 0.000000 2542.390625 0.000000 0.969829 0.000000 0.243787 0.691208 0.691208 0.691208
3170.974854 0.000000 2528.891846 0.000000 0.107640 0.000000 -0.994190 1.099253 1.099253 1.099253
3197.077393 0.000000 2532.648193 0.000000 0.032882 0.000000 -0.999459 1.117149 1.117149 1.117149
3194.772705 0.000000 2531.371094 0.000000 0.999958 0.000000 -0.009212 0.752199 0.752199 0.752199
3187.481689 0.000000 2543.454346 0.000000 0.392784 0.000000 0.919631 0.471366 0.471366 0.471366
3198.489014 0.000000 2532.923584 0.000000 0.924431 0.000000 0.381349 0.656595 0.656595 0.656595
3184.697266 0.000000 2543.338135 0.000000 0.653908 0.000000 0.756574 0.545154 0.545154 0.545154
3181.989014 0.000000 2543.485107 0.000000 0.136968 0.000000 0.990575 0.407802 0.407802 0.407802
3198.678955 0.000000 2534.804199 0.000000 0.957552 0.000000 -0.288259 0.819807 0.819807 0.819807
3208.732910 0.000000 2495.047119 0.000000 0.009056 0.000000 0.999959 0.377162 0.377162 0.377162
3242.088623 0.000000 2492.921631 0.000000 0.302141 0.000000 0.953263 0.448276 0.448276 0.448276
3258.945068 0.000000 2489.418945 0.000000 0.929119 0.000000 0.369781 0.659575 0.659575 0.659575
3244.819580 0.000000 2487.651855 0.000000 0.526013 0.000000 -0.850476 0.992765 0.992765 0.992765
3247.710205 0.000000 2495.133545 0.000000 0.923041 0.000000 -0.384701 0.844272 0.844272 0.844272
3255.260254 0.000000 2492.886719 0.000000 0.097208 0.000000 -0.995264 1.101757 1.101757 1.101757
3261.263672 0.000000 2493.620361 0.000000 0.992841 0.000000 -0.119442 0.778583 0.778583 0.778583
3247.207031 0.000000 2491.031250 0.000000 0.786902 0.000000 -0.617079 0.908763 0.908763 0.908763
3241.378174 0.000000 2488.719238 0.000000 0.984959 0.000000 -0.172790 0.791459 0.791459 0.791459
3262.021240 0.000000 2490.416504 0.000000 0.999526 0.000000 0.030781 0.742650 0.742650 0.742650
3245.102295 0.000000 2493.192139 0.000000 0.773414 0.000000 -0.633901 0.913911 0.913911 0.913911
3258.198730 0.000000 2493.502441 0.000000 0.509789 0.000000 -0.860300 0.997293 0.997293 0.997293
3243.900391 0.000000 2490.395264 0.000000 0.606916 0.000000 0.794766 0.530695 0.530695 0.530695
3242.158936 0.000000 2485.928467 0.000000 0.195892 0.000000 0.980625 0.422070 0.422070 0.422070
3261.206299 0.000000 2488.031738 0.000000 0.906494 0.000000 -0.422219 0.854062 0.854062 0.854062
3256.784424 0.000000 2490.785889 0.000000 0.971591 0.000000 0.236665 0.692959 0.692959 0.692959
3248.982666 0.000000 2492.932617 0.000000 0.862674 0.000000 -0.505761 0.876591 0.876591 0.876591
3247.149170 0.000000 2488.467529 0.000000 0.984300 0.000000 0.176504 0.707641 0.707641 0.707641
3259.840820 0.000000 2491.672852 0.000000 0.668731 0.000000 -0.743504 0.950128 0.950128 0.950128
3253.390137 0.000000 2494.621826 0.000000 0.087008 0.000000 0.996208 0.395798 0.395798 0.395798
3245.311279 0.000000 2495.172607 0.000000 0.091212 0.000000 -0.995831 1.103194 1.103194 1.103194
3259.735107 0.000000 2494.820801 0.000000 0.598794 0.000000 0.800903 0.528265 0.528265 0.528265
3245.679199 0.000000 2489.648682 0.000000 0.177876 0.000000 0.984053 0.417692 0.417692 0.417692
3249.673828 0.000000 2494.666260 0.000000 0.979682 0.000000 -0.200556 0.798206 0.798206 0.798206
3245.369873 0.000000 2491.428955 0.000000 0.985938 0.000000 -0.167111 0.790083 0.790083 0.790083
3243.063477 0.000000 2488.141602 0.000000 0.091344 0.000000 -0.995819 1.103163 1.103163 1.103163
3247.089111 0.000000 2492.802246 0.000000 0.981258 0.000000 -0.192700 0.796293 0.796293 0.796293
3242.160645 0.000000 2490.337158 0.000000 0.878972 0.000000 -0.476873 0.868672 0.868672 0.868672
3240.664795 0.000000 2487.070068 0.000000 0.999703 0.000000 -0.024385 0.755822 0.755822 0.755822
3258.230957 0.000000 2491.472656 0.000000 0.827856 0.000000 -0.560941 0.892170 0.892170 0.892170
3257.452393 0.000000 2494.933838 0.000000 0.045367 0.000000 0.998970 0.385834 0.385834 0.385834
3246.542725 0.000000 2494.208252 0.000000 0.593210 0.000000 -0.805048 0.973395 0.973395 0.973395
3243.513916 0.000000 2486.721436 0.000000 0.981961 0.000000 0.189081 0.704587 0.704587 0.704587
3244.389648 0.000000 2489.033936 0.000000 0.567044 0.000000 -0.823687 0.981065 0.981065 0.981065
3259.804688 0.000000 2493.429688 0.000000 0.401735 0.000000 0.915756 0.473695 0.473695 0.473695
3248.010254 0.000000 2493.850098 0.000000 0.132169 0.000000 0.991227 0.406646 0.406646 0.406646
3251.957031 0.000000 2494.772217 0.000000 0.694779 0.000000 -0.719223 0.941627 0.941627 0.941627
3250.806396 0.000000 2494.941650 0.000000 0.680626 0.000000 0.732631 0.553719 0.553719 0.553719
3245.989502 0.000000 2492.426025 0.000000 0.831903 0.000000 -0.554920 0.890438 0.890438 0.890438
3247.975342 0.000000 2492.107178 0.000000 0.558705 0.000000 0.829367 0.516526 0.516526 0.516526
3263.740967 0.000000 2491.443115 0.000000 0.834165 0.000000 -0.551515 0.889463 0.889463 0.889463
3216.216309 0.000000 2514.853271 0.000000 0.620893 0.000000 0.783895 0.534922 0.534922 0.534922
3211.212402 0.000000 2499.566895 0.000000 0.990197 0.000000 -0.139681 0.783456 0.783456 0.783456
3207.355225 0.000000 2517.556396 0.000000 0.999917 0.000000 0.012863 0.746929 0.746929 0.746929
3222.609375 0.000000 2516.255615 0.000000 0.932140 0.000000 -0.362098 0.838455 0.838455 0.838455
3206.245850 0.000000 2495.543457 0.000000 0.935559 0.000000 -0.353170 0.836172 0.836172 0.836172
3220.573730 0.000000 2510.478516 0.000000 0.995165 0.000000 0.098216 0.726515 0.726515 0.726515
3206.074951 0.000000 2522.169678 0.000000 0.164757 0.000000 0.986334 0.414513 0.414513 0.414513
3202.972656 0.000000 2516.731934 0.000000 0.403218 0.000000 -0.915104 1.025919 1.025919 1.025919
3206.972900 0.000000 2499.802979 0.000000 0.999991 0.000000 0.004163 0.749006 0.749006 0.749006
3215.344238 0.000000 2511.084229 0.000000 0.840822 0.000000 0.541312 0.613446 0.613446 0.613446
3211.197510 0.000000 2495.577881 0.000000 0.904136 0.000000 -0.427246 0.855387 0.855387 0.855387
3209.382080 0.000000 2520.711426 0.000000 0.105523 0.000000 -0.994417 1.099761 1.099761 1.099761
3219.633301 0.000000 2513.894531 0.000000 0.947461 0.000000 0.319870 0.672270 0.672270 0.672270
3202.795898 0.000000 2521.565674 0.000000 0.821279 0.000000 -0.570527 0.894946 0.894946 0.894946
3204.786621 0.000000 2519.236572 0.000000 0.973159 0.000000 0.230132 0.694563 0.694563 0.694563
3208.709717 0.000000 2497.337646 0.000000 0.971144 0.000000 -0.238493 0.807490 0.807490 0.807490
3222.327393 0.000000 2513.511719 0.000000 0.997991 0.000000 -0.063351 0.765134 0.765134 0.765134
3218.036133 0.000000 2511.625732 0.000000 0.977805 0.000000 -0.209516 0.800392 0.800392 0.800392
3202.184326 0.000000 2519.113037 0.000000 0.999243 0.000000 -0.038895 0.759288 0.759288 0.759288
3208.447510 0.000000 2523.020264 0.000000 0.885831 0.000000 0.464008 0.634808 0.634808 0.634808
3204.185791 0.000000 2523.687744 0.000000 0.309545 0.000000 0.950885 0.450133 0.450133 0.450133
3212.494873 0.000000 2497.570557 0.000000 0.992868 0.000000 0.119223 0.721470 0.721470 0.721470
3207.126221 0.000000 2519.932861 0.000000 0.366242 0.000000 -0.930520 1.035483 1.035483 1.035483
3216.437744 0.000000 2512.834229 0.000000 0.611856 0.000000 -0.790969 0.967817 0.967817 0.967817
3220.690918 0.000000 2515.722900 0.000000 0.521446 0.000000 -0.853284 0.994045 0.994045 0.994045
3210.554688 0.000000 2497.792725 0.000000 0.999994 0.000000 -0.003545 0.750846 0.750846 0.750846
3220.773193 0.000000 2512.287354 0.000000 0.928955 0.000000 -0.370194 0.840532 0.840532 0.840532
3214.287109 0.000000 2515.138428 0.000000 0.849553 0.000000 -0.527503 0.882654 0.882654 0.882654
3208.668701 0.000000 2519.062256 0.000000 0.537407 0.000000 0.843323 0.510447 0.510447 0.510447
3204.565674 0.000000 2521.223877 0.000000 0.706711 0.000000 0.707502 0.562367 0.562367 0.562367
3223.868652 0.000000 2512.771973 0.000000 0.823199 0.000000 0.567752 0.605860 0.605860 0.605860
3217.763916 0.000000 2513.921387 0.000000 0.992509 0.000000 -0.122170 0.779239 0.779239 0.779239
3207.750488 0.000000 2521.475342 0.000000 0.756175 0.000000 -0.654369 0.920299 0.920299 0.920299
3214.930664 0.000000 2512.604004 0.000000 0.794938 0.000000 0.606691 0.594372 0.594372 0.594372
3206.180176 0.000000 2518.555664 0.000000 0.913058 0.000000 -0.407830 0.850286 0.850286 0.850286
3221.062988 0.000000 2514.289551 0.000000 0.674939 0.000000 0.737873 0.551873 0.551873 0.551873
3217.562256 0.000000 2515.508789 0.000000 0.906114 0.000000 0.423033 0.645724 0.645724 0.645724
3205.779297 0.000000 2520.397217 0.000000 0.179067 0.000000 -0.983837 1.082019 1.082019 1.082019
3218.854980 0.000000 2515.063477 0.000000 0.933912 0.000000 0.357503 0.662721 0.662721 0.662721
3215.001953 0.000000 2513.982178 0.000000 0.125701 0.000000 0.992068 0.405089 0.405089 0.405089
3218.873291 0.000000 2512.766113 0.000000 0.770439 0.000000 0.637514 0.584972 0.584972 0.584972
3222.678711 0.000000 2514.749023 0.000000 0.353333 0.000000 0.935498 0.461214 0.461214 0.461214
3208.980469 0.000000 2521.902100 0.000000 0.999484 0.000000 -0.032106 0.757666 0.757666 0.757666
3208.281250 0.000000 2520.159180 0.000000 0.663687 0.000000 -0.748010 0.951743 0.951743 0.951743
3217.622314 0.000000 2512.755859 0.000000 0.399481 0.000000 0.916742 0.473107 0.473107 0.473107
3253.746582 0.000000 2495.484375 0.000000 0.933679 0.000000 -0.358112 0.837434 0.837434 0.837434
3261.348389 0.000000 2495.832520 0.000000 0.997758 0.000000 0.066931 0.734010 0.734010 0.734010
3257.391846 0.000000 2499.940186 0.000000 0.867251 0.000000 0.497872 0.625586 0.625586 0.625586
3246.660156 0.000000 2496.566406 0.000000 0.966649 0.000000 -0.256104 0.811829 0.811829 0.811829
3257.691895 0.000000 2495.440674 0.000000 0.284866 0.000000 0.958567 0.443962 0.443962 0.443962
3250.381592 0.000000 2497.272217 0.000000 0.756831 0.000000 0.653610 0.579940 0.579940 0.579940
3259.355713 0.000000 2497.961670 0.000000 0.029720 0.000000 0.999558 0.382096 0.382096 0.382096
3259.583252 0.000000 2500.664795 0.000000 0.016023 0.000000 0.999872 0.378825 0.378825 0.378825
3248.787354 0.000000 2495.635986 0.000000 0.377675 0.000000 0.925938 0.467457 0.467457 0.467457
3248.533691 0.000000 2498.416016 0.000000 0.883754 0.000000 0.467952 0.633744 0.633744 0.633744
3251.209961 0.000000 2495.393555 0.000000 0.448362 0.000000 -0.893852 1.014006 1.014006 1.014006
3257.930176 0.000000 2501.838379 0.000000 0.993958 0.000000 0.109766 0.723742 0.723742 0.723742
3259.467773 0.000000 2495.808838 0.000000 0.543381 0.000000 0.839486 0.512142 0.512142 0.512142
3245.029785 0.000000 2495.892090 0.000000 0.317231 0.000000 -0.948348 1.047935 1.047935 1.047935
3248.147461 0.000000 2496.973145 0.000000 0.888445 0.000000 0.458982 0.636161 0.636161 0.636161
3258.764893 0.000000 2499.378906 0.000000 0.959428 0.000000 0.281952 0.681764 0.681764 0.681764
3251.561768 0.000000 2497.959229 0.000000 0.361086 0.000000 -0.932532 1.036804 1.036804 1.036804
3250.055176 0.000000 2496.017822 0.000000 0.993881 0.000000 -0.110460 0.776424 0.776424 0.776424
3258.690186 0.000000 2496.809570 0.000000 0.993558 0.000000 0.113322 0.722888 0.722888 0.722888
3247.341064 0.000000 2495.484131 0.000000 0.168132 0.000000 -0.985765 1.084670 1.084670 1.084670
3249.223389 0.000000 2497.411377 0.000000 0.533289 0.000000 0.845933 0.509283 0.509283 0.509283
3203.819824 0.000000 2534.614746 0.000000 0.421265 0.000000 0.906938 0.478810 0.478810 0.478810
3201.122314 0.000000 2538.921143 0.000000 0.892144 0.000000 -0.451752 0.861901 0.861901 0.861901
3200.609863 0.000000 2531.960449 0.000000 0.997743 0.000000 0.067145 0.733958 0.733958 0.733958
3205.613037 0.000000 2538.621338 0.000000 0.973535 0.000000 -0.228539 0.805046 0.805046 0.805046
3200.659180 0.000000 2535.566162 0.000000 0.947729 0.000000 0.319077 0.672470 0.672470 0.672470
3203.220703 0.000000 2537.344971 0.000000 0.319636 0.000000 -0.947541 1.047330 1.047330 1.047330
3202.537109 0.000000 2532.864746 0.000000 0.148484 0.000000 0.988915 0.410579 0.410579 0.410579
3199.794434 0.000000 2537.366211 0.000000 0.240157 0.000000 -0.970734 1.067101 1.067101 1.067101
3199.660889 0.000000 2530.247314 0.000000 0.490708 0.000000 0.871324 0.497446 0.497446 0.497446
3200.951904 0.000000 2533.756592 0.000000 0.637893 0.000000 0.770125 0.540145 0.540145 0.540145
3204.721191 0.000000 2536.376709 0.000000 0.529785 0.000000 0.848132 0.508296 0.508296 0.508296
3205.516113 0.000000 2534.086914 0.000000 0.622692 0.000000 0.782467 0.535471 0.535471 0.535471
3202.372559 0.000000 2535.758057 0.000000 0.010867 0.000000 -0.999941 1.122406 1.122406 1.122406
3201.507568 0.000000 2537.232666 0.000000 0.995328 0.000000 0.096546 0.726915 0.726915 0.726915
3202.684326 0.000000 2538.811279 0.000000 0.992198 0.000000 -0.124673 0.779841 0.779841 0.779841
3204.767090 0.000000 2539.850342 0.000000 0.425791 0.000000 -0.904822 1.019997 1.019997 1.019997
3204.144775 0.000000 2538.485107 0.000000 0.587816 0.000000 0.808995 0.525009 0.525009 0.525009
3202.428467 0.000000 2534.347900 0.000000 0.922736 0.000000 0.385431 0.655540 0.655540 0.655540
3205.814697 0.000000 2537.158691 0.000000 0.465074 0.000000 -0.885272 1.009521 1.009521 1.009521
3203.571289 0.000000 2535.942383 0.000000 0.840051 0.000000 0.542508 0.613106 0.613106 0.613106
3199.985352 0.000000 2534.607666 0.000000 0.796334 0.000000 0.604857 0.594923 0.594923 0.594923
3204.723877 0.000000 2537.490234 0.000000 0.999676 0.000000 -0.025474 0.756082 0.756082 0.756082
3663.037842 0.000000 2442.858887 0.000000 0.974475 0.000000 0.224497 0.695945 0.695945 0.695945
3657.937988 0.000000 2443.657227 0.000000 0.983375 0.000000 -0.181585 0.793592 0.793592 0.793592
3655.550293 0.000000 2443.207520 0.000000 0.068286 0.000000 -0.997666 1.108685 1.108685 1.108685
3656.703613 0.000000 2443.781738 0.000000 0.433922 0.000000 0.900951 0.482153 0.482153 0.482153
4174.975586 0.000000 2442.858887 0.000000 0.737179 0.000000 -0.675698 0.927118 0.927118 0.927118
4173.148438 0.000000 2442.694092 0.000000 0.785445 0.000000 0.618932 0.590674 0.590674 0.590674
4173.048340 0.000000 2443.848145 0.000000 0.642954 0.000000 -0.765905 0.958282 0.958282 0.958282
4686.913086 0.000000 2442.858887 0.000000 0.147805 0.000000 -0.989017 1.089584 1.089584 1.089584
4689.000000 0.000000 2442.282471 0.000000 0.079644 0.000000 -0.996823 1.105966 1.105966 1.105966
4688.244141 0.000000 2443.496582 0.000000 0.046519 0.000000 -0.998917 1.113890 1.113890 1.113890
4689.870117 0.000000 2443.033691 0.000000 0.813778 0.000000 0.581175 0.601945 0.601945 0.601945
5211.167480 0.000000 2443.690186 0.000000 0.853839 0.000000 -0.520537 0.880701 0.880701 0.880701
5205.242676 0.000000 2442.233154 0.000000 0.100564 0.000000 -0.994931 1.100951 1.100951 1.100951
5723.104980 0.000000 2443.690186 0.000000 0.620689 0.000000 0.784057 0.534860 0.534860 0.534860
5720.070312 0.000000 2442.679443 0.000000 0.998746 0.000000 -0.050073 0.761959 0.761959 0.761959
5721.692383 0.000000 2443.186035 0.000000 0.199251 0.000000 0.979949 0.422888 0.422888 0.422888
5720.472168 0.000000 2443.787109 0.000000 0.967647 0.000000 -0.252306 0.810892 0.810892 0.810892
6235.042480 0.000000 2443.690186 0.000000 0.992838 0.000000 -0.119469 0.778589 0.778589 0.778589
6237.971191 0.000000 2442.968018 0.000000 0.989433 0.000000 0.144991 0.715264 0.715264 0.715264
6236.307617 0.000000 2442.601318 0.000000 0.953598 0.000000 0.301082 0.676989 0.676989 0.676989
6236.935547 0.000000 2443.785645 0.000000 0.235608 0.000000 -0.971848 1.068219 1.068219 1.068219
6237.293457 0.000000 2442.036865 0.000000 0.852103 0.000000 0.523373 0.618505 0.618505 0.618505
6240.751465 0.000000 2442.944580 0.000000 0.799676 0.000000 -0.600432 0.903754 0.903754 0.903754
6752.688965 0.000000 2442.944580 0.000000 0.182478 0.000000 0.983210 0.418809 0.418809 0.418809
6753.497559 0.000000 2443.721191 0.000000 0.681120 0.000000 0.732172 0.553880 0.553880 0.553880
7269.117188 0.000000 2442.644775 0.000000 0.200137 0.000000 -0.979768 1.076896 1.076896 1.076896
7268.271484 0.000000 2443.873779 0.000000 0.063057 0.000000 0.998010 0.390064 0.390064 0.390064
7790.534180 0.000000 2442.858887 0.000000 0.864632 0.000000 -0.502406 0.875664 0.875664 0.875664
7785.434570 0.000000 2443.657227 0.000000 0.584651 0.000000 0.811285 0.524076 0.524076 0.524076
7786.674316 0.000000 2442.588379 0.000000 0.688325 0.000000 -0.725403 0.943760 0.943760 0.943760
"}
