object={
	name="tree_palm_generator_1_0"
	clamp_to_water_level=no
	render_under_water=no
	generated_content=yes
	layer="tree_layer"
	pdxmesh="tree_palm_mesh"
	count=574
	transform="5193.850586 0.000000 2364.952881 0.000000 0.781138 0.000000 -0.624359 0.892988 0.892988 0.892988
5210.707031 0.000000 2361.450195 0.000000 0.988480 0.000000 0.151350 0.717526 0.717526 0.717526
5199.974121 0.000000 2354.892334 0.000000 0.565937 0.000000 0.824449 0.542842 0.542842 0.542842
5199.472168 0.000000 2367.164795 0.000000 0.991101 0.000000 0.133115 0.721839 0.721839 0.721839
5174.866699 0.000000 2377.125000 0.000000 0.581643 0.000000 0.813444 0.551210 0.551210 0.551210
5156.787109 0.000000 2382.044189 0.000000 0.927004 0.000000 0.375050 0.667829 0.667829 0.667829
5178.710938 0.000000 2393.442383 0.000000 0.952088 0.000000 0.305824 0.687062 0.687062 0.687062
5167.978027 0.000000 2386.884521 0.000000 0.564735 0.000000 -0.825272 0.952563 0.952563 0.952563
5151.526855 0.000000 2392.155762 0.000000 0.937388 0.000000 0.348287 0.673965 0.673965 0.673965
5173.512207 0.000000 2367.515625 0.000000 0.714805 0.000000 0.699324 0.584907 0.584907 0.584907
5179.933105 0.000000 2384.520752 0.000000 0.823165 0.000000 -0.567802 0.872616 0.872616 0.872616
5166.854492 0.000000 2378.874512 0.000000 0.770922 0.000000 -0.636930 0.895259 0.895259 0.895259
5183.208008 0.000000 2375.992188 0.000000 0.841073 0.000000 -0.540921 0.868946 0.868946 0.868946
5159.117188 0.000000 2389.587646 0.000000 0.030184 0.000000 -0.999544 1.076687 1.076687 1.076687
5170.920898 0.000000 2393.963379 0.000000 0.899467 0.000000 -0.436988 0.842597 0.842597 0.842597
5181.114258 0.000000 2367.863770 0.000000 0.336332 0.000000 0.941743 0.489649 0.489649 0.489649
5169.369141 0.000000 2372.823486 0.000000 0.366016 0.000000 0.930609 0.496372 0.496372 0.496372
5174.371582 0.000000 2388.286865 0.000000 0.299569 0.000000 0.954075 0.490675 0.490675 0.490675
5162.759766 0.000000 2383.409424 0.000000 0.953228 0.000000 -0.302253 0.814766 0.814766 0.814766
5172.335449 0.000000 2382.509766 0.000000 0.945429 0.000000 -0.325829 0.818886 0.818886 0.818886
5164.585449 0.000000 2391.675293 0.000000 0.253139 0.000000 -0.967430 1.025126 1.025126 1.025126
5167.476074 0.000000 2399.156982 0.000000 0.458382 0.000000 -0.888756 0.977196 0.977196 0.977196
5175.026367 0.000000 2396.910156 0.000000 0.758528 0.000000 0.651640 0.605080 0.605080 0.605080
5179.171387 0.000000 2379.705811 0.000000 0.973543 0.000000 0.228504 0.702538 0.702538 0.702538
5180.907227 0.000000 2389.455322 0.000000 0.449950 0.000000 -0.893054 0.974199 0.974199 0.974199
5181.029297 0.000000 2397.643799 0.000000 0.387661 0.000000 0.921802 0.511209 0.511209 0.511209
5170.813477 0.000000 2376.762695 0.000000 0.551131 0.000000 0.834419 0.542908 0.542908 0.542908
5179.081543 0.000000 2375.640625 0.000000 0.959790 0.000000 -0.280719 0.809538 0.809538 0.809538
5166.972656 0.000000 2395.054688 0.000000 0.345117 0.000000 -0.938560 1.002210 1.002210 1.002210
5174.687500 0.000000 2392.913330 0.000000 0.729866 0.000000 0.683590 0.595892 0.595892 0.595892
5176.252930 0.000000 2383.147217 0.000000 0.981900 0.000000 0.189399 0.710878 0.710878 0.710878
5168.706543 0.000000 2390.697266 0.000000 0.327939 0.000000 -0.944699 1.006680 1.006680 1.006680
5171.046875 0.000000 2397.810059 0.000000 0.025634 0.000000 0.999671 0.434499 0.434499 0.434499
5182.804199 0.000000 2382.049072 0.000000 0.990151 0.000000 -0.140003 0.778444 0.778444 0.778444
5177.960449 0.000000 2387.487793 0.000000 0.198361 0.000000 0.980129 0.470038 0.470038 0.470038
5171.395508 0.000000 2385.925781 0.000000 0.836922 0.000000 0.547322 0.630116 0.630116 0.630116
5172.056152 0.000000 2390.749756 0.000000 0.944487 0.000000 -0.328549 0.818919 0.818919 0.818919
5181.787109 0.000000 2394.439941 0.000000 0.873043 0.000000 -0.487643 0.853724 0.853724 0.853724
5177.145996 0.000000 2390.530273 0.000000 0.514271 0.000000 0.857628 0.540136 0.540136 0.540136
5182.100098 0.000000 2378.983643 0.000000 0.875211 0.000000 0.483742 0.646901 0.646901 0.646901
5182.130371 0.000000 2386.595459 0.000000 0.930217 0.000000 0.367009 0.674113 0.674113 0.674113
5177.964844 0.000000 2397.525879 0.000000 0.482253 0.000000 0.876032 0.532616 0.532616 0.532616
5146.714844 0.000000 2425.434570 0.000000 0.817784 0.000000 0.575525 0.619616 0.619616 0.619616
5147.937012 0.000000 2416.512939 0.000000 0.990806 0.000000 -0.135293 0.778930 0.778930 0.778930
5151.211914 0.000000 2407.984375 0.000000 0.900505 0.000000 -0.434847 0.845900 0.845900 0.845900
5161.854492 0.000000 2428.937256 0.000000 0.215620 0.000000 0.976477 0.468318 0.468318 0.468318
5174.866699 0.000000 2409.117188 0.000000 0.367236 0.000000 0.930128 0.503362 0.503362 0.503362
5156.787109 0.000000 2414.036377 0.000000 0.485678 0.000000 -0.874138 0.974354 0.974354 0.974354
5178.710938 0.000000 2425.434570 0.000000 0.975512 0.000000 0.219946 0.704222 0.704222 0.704222
5151.671875 0.000000 2399.972412 0.000000 0.964922 0.000000 0.262538 0.693221 0.693221 0.693221
5167.978027 0.000000 2418.876709 0.000000 0.892274 0.000000 0.451494 0.653036 0.653036 0.653036
5162.974121 0.000000 2403.590332 0.000000 0.345635 0.000000 0.938369 0.494484 0.494484 0.494484
5151.526855 0.000000 2424.147949 0.000000 0.208292 0.000000 0.978067 0.462170 0.462170 0.462170
5173.512207 0.000000 2399.507812 0.000000 0.999172 0.000000 0.040687 0.741644 0.741644 0.741644
5179.933105 0.000000 2416.512939 0.000000 0.989054 0.000000 0.147552 0.719179 0.719179 0.719179
5166.854492 0.000000 2410.866699 0.000000 0.867842 0.000000 -0.496841 0.857628 0.857628 0.857628
5183.208008 0.000000 2407.984375 0.000000 0.458279 0.000000 0.888808 0.524624 0.524624 0.524624
5159.117188 0.000000 2421.579834 0.000000 0.516625 0.000000 -0.856212 0.965656 0.965656 0.965656
5170.920898 0.000000 2425.955566 0.000000 0.213595 0.000000 0.976922 0.470171 0.470171 0.470171
5155.581543 0.000000 2406.645996 0.000000 0.482531 0.000000 -0.875879 0.976312 0.976312 0.976312
5181.114258 0.000000 2399.855957 0.000000 0.817466 0.000000 0.575977 0.624671 0.624671 0.624671
5169.369141 0.000000 2404.815674 0.000000 0.793904 0.000000 0.608043 0.614709 0.614709 0.614709
5174.371582 0.000000 2420.279053 0.000000 0.400819 0.000000 0.916157 0.510871 0.510871 0.510871
5158.007812 0.000000 2399.566895 0.000000 0.740023 0.000000 -0.672582 0.906014 0.906014 0.906014
5151.468750 0.000000 2417.746582 0.000000 0.992858 0.000000 -0.119305 0.775359 0.775359 0.775359
5162.759766 0.000000 2415.401611 0.000000 0.947998 0.000000 0.318277 0.682588 0.682588 0.682588
5172.335449 0.000000 2414.501953 0.000000 0.965747 0.000000 -0.259485 0.804186 0.804186 0.804186
5164.585449 0.000000 2423.667480 0.000000 0.979097 0.000000 0.203392 0.707488 0.707488 0.707488
5160.854492 0.000000 2409.797607 0.000000 0.992081 0.000000 0.125602 0.723508 0.723508 0.723508
5167.476074 0.000000 2431.149170 0.000000 0.212547 0.000000 -0.977151 1.031575 1.031575 1.031575
5154.220215 0.000000 2429.391113 0.000000 0.246219 0.000000 0.969214 0.471150 0.471150 0.471150
5177.157715 0.000000 2403.963623 0.000000 0.020908 0.000000 -0.999781 1.067336 1.067336 1.067336
5175.026367 0.000000 2428.902344 0.000000 0.078423 0.000000 -0.996920 1.057221 1.057221 1.057221
5179.171387 0.000000 2411.697998 0.000000 0.275415 0.000000 -0.961325 1.017391 1.017391 1.017391
5157.836914 0.000000 2426.193115 0.000000 0.156228 0.000000 0.987721 0.453353 0.453353 0.453353
5180.907227 0.000000 2421.447510 0.000000 0.809521 0.000000 -0.587091 0.880234 0.880234 0.880234
5181.029297 0.000000 2429.635986 0.000000 0.329357 0.000000 0.944206 0.494325 0.494325 0.494325
5166.425781 0.000000 2400.589844 0.000000 0.999301 0.000000 -0.037391 0.757741 0.757741 0.757741
5170.813477 0.000000 2408.754883 0.000000 0.634444 0.000000 -0.772969 0.933874 0.933874 0.933874
5179.081543 0.000000 2407.632812 0.000000 0.242959 0.000000 0.970037 0.477886 0.477886 0.477886
5166.972656 0.000000 2427.046875 0.000000 0.955954 0.000000 -0.293515 0.811832 0.811832 0.811832
5165.661133 0.000000 2406.837891 0.000000 0.913582 0.000000 -0.406655 0.837393 0.837393 0.837393
5163.164062 0.000000 2419.375488 0.000000 0.456238 0.000000 -0.889858 0.978313 0.978313 0.978313
5174.687500 0.000000 2424.905518 0.000000 0.973880 0.000000 -0.227063 0.797286 0.797286 0.797286
5176.252930 0.000000 2415.139404 0.000000 0.931345 0.000000 -0.364138 0.827358 0.827358 0.827358
5173.219727 0.000000 2403.723633 0.000000 0.999566 0.000000 0.029465 0.743917 0.743917 0.743917
5167.105957 0.000000 2415.107666 0.000000 0.825600 0.000000 0.564256 0.626237 0.626237 0.626237
5168.706543 0.000000 2422.689453 0.000000 0.249435 0.000000 -0.968392 1.022224 1.022224 1.022224
5181.986816 0.000000 2403.549316 0.000000 0.884793 0.000000 -0.465985 0.849251 0.849251 0.849251
5171.046875 0.000000 2429.802246 0.000000 0.244251 0.000000 0.969712 0.476672 0.476672 0.476672
5182.804199 0.000000 2414.041260 0.000000 0.182459 0.000000 -0.983214 1.037946 1.037946 1.037946
5177.457520 0.000000 2399.464111 0.000000 0.962361 0.000000 -0.271775 0.806045 0.806045 0.806045
5170.147461 0.000000 2401.295654 0.000000 0.752537 0.000000 0.658550 0.602809 0.602809 0.602809
5177.960449 0.000000 2419.479980 0.000000 0.826072 0.000000 0.563565 0.626073 0.626073 0.626073
5171.395508 0.000000 2417.917969 0.000000 0.016322 0.000000 -0.999867 1.070895 1.070895 1.070895
5172.056152 0.000000 2422.741943 0.000000 0.991691 0.000000 -0.128645 0.776631 0.776631 0.776631
5193.850586 0.000000 2396.945068 0.000000 0.417388 0.000000 0.908728 0.515900 0.515900 0.515900
5206.862793 0.000000 2377.125000 0.000000 0.479514 0.000000 -0.877534 0.974636 0.974636 0.974636
5188.783203 0.000000 2382.044189 0.000000 0.856513 0.000000 0.516125 0.639875 0.639875 0.639875
5210.707031 0.000000 2393.442383 0.000000 0.957802 0.000000 0.287427 0.688998 0.688998 0.688998
5183.667969 0.000000 2367.980225 0.000000 0.683328 0.000000 -0.730112 0.923560 0.923560 0.923560
5199.974121 0.000000 2386.884521 0.000000 0.998757 0.000000 -0.049851 0.760211 0.760211 0.760211
5194.970215 0.000000 2371.598145 0.000000 0.322183 0.000000 -0.946678 1.009340 1.009340 1.009340
5183.522949 0.000000 2392.155762 0.000000 0.950627 0.000000 0.310336 0.686279 0.686279 0.686279
5205.508301 0.000000 2367.515625 0.000000 0.389137 0.000000 -0.921180 0.998333 0.998333 0.998333
5211.929199 0.000000 2384.520752 0.000000 0.064979 0.000000 -0.997887 1.065917 1.065917 1.065917
5198.850586 0.000000 2378.874512 0.000000 0.511777 0.000000 -0.859118 0.962777 0.962777 0.962777
5215.204102 0.000000 2375.992188 0.000000 0.894184 0.000000 0.447701 0.651307 0.651307 0.651307
5191.113281 0.000000 2389.587646 0.000000 0.874163 0.000000 0.485633 0.647314 0.647314 0.647314
5202.916992 0.000000 2393.963379 0.000000 0.903110 0.000000 -0.429409 0.842371 0.842371 0.842371
5187.577637 0.000000 2374.653809 0.000000 0.973535 0.000000 -0.228540 0.797728 0.797728 0.797728
5201.365234 0.000000 2372.823486 0.000000 0.052694 0.000000 -0.998611 1.067645 1.067645 1.067645
5206.367676 0.000000 2388.286865 0.000000 0.115697 0.000000 -0.993285 1.054413 1.054413 1.054413
5190.003906 0.000000 2367.574707 0.000000 0.477469 0.000000 -0.878648 0.976933 0.976933 0.976933
5183.464844 0.000000 2385.754395 0.000000 0.457922 0.000000 0.888993 0.528848 0.528848 0.528848
5194.755859 0.000000 2383.409424 0.000000 0.371353 0.000000 -0.928492 0.992381 0.992381 0.992381
5204.331543 0.000000 2382.509766 0.000000 0.321013 0.000000 -0.947075 1.008899 1.008899 1.008899
5196.581543 0.000000 2391.675293 0.000000 0.336547 0.000000 -0.941667 1.000649 1.000649 1.000649
5192.850586 0.000000 2377.805420 0.000000 0.990703 0.000000 -0.136042 0.777941 0.777941 0.777941
5199.472168 0.000000 2399.156982 0.000000 0.745353 0.000000 -0.666670 0.902690 0.902690 0.902690
5186.216309 0.000000 2397.398926 0.000000 0.959974 0.000000 -0.280089 0.807806 0.807806 0.807806
5207.022461 0.000000 2396.910156 0.000000 0.406010 0.000000 0.913868 0.507509 0.507509 0.507509
5184.880371 0.000000 2378.960205 0.000000 0.246034 0.000000 0.969261 0.478537 0.478537 0.478537
5189.833008 0.000000 2394.200928 0.000000 0.995251 0.000000 -0.097345 0.769798 0.769798 0.769798
5212.903320 0.000000 2389.455322 0.000000 0.263582 0.000000 0.964637 0.475670 0.475670 0.475670
5213.025391 0.000000 2397.643799 0.000000 0.555443 0.000000 0.831555 0.543442 0.543442 0.543442
5198.421875 0.000000 2368.597656 0.000000 0.074688 0.000000 -0.997207 1.064715 1.064715 1.064715
5186.730469 0.000000 2388.763184 0.000000 0.137432 0.000000 0.990511 0.460635 0.460635 0.460635
5190.730957 0.000000 2371.834229 0.000000 0.752231 0.000000 -0.658900 0.900115 0.900115 0.900115
5202.809570 0.000000 2376.762695 0.000000 0.278017 0.000000 -0.960576 1.018279 1.018279 1.018279
5184.368164 0.000000 2371.999512 0.000000 0.994904 0.000000 -0.100825 0.771189 0.771189 0.771189
5198.968750 0.000000 2395.054688 0.000000 0.583566 0.000000 0.812066 0.553834 0.553834 0.553834
5197.657227 0.000000 2374.845703 0.000000 0.014852 0.000000 -0.999890 1.071199 1.071199 1.071199
5195.160156 0.000000 2387.383301 0.000000 0.589923 0.000000 -0.807460 0.941373 0.941373 0.941373
5191.233398 0.000000 2385.382324 0.000000 0.466087 0.000000 -0.884739 0.970513 0.970513 0.970513
5199.102051 0.000000 2383.115479 0.000000 0.853980 0.000000 0.520305 0.638268 0.638268 0.638268
5200.702637 0.000000 2390.697266 0.000000 0.804932 0.000000 0.593367 0.619223 0.619223 0.619223
5193.140137 0.000000 2392.742676 0.000000 0.995861 0.000000 0.090892 0.731466 0.731466 0.731466
5203.391602 0.000000 2385.925781 0.000000 0.757674 0.000000 0.652633 0.603215 0.603215 0.603215
5187.719727 0.000000 2385.394043 0.000000 0.786581 0.000000 -0.617487 0.884774 0.884774 0.884774
5184.156250 0.000000 2382.345703 0.000000 0.773770 0.000000 -0.633466 0.888921 0.888921 0.888921
5189.371094 0.000000 2378.660400 0.000000 0.661349 0.000000 -0.750079 0.924140 0.924140 0.924140
5192.218750 0.000000 2381.115723 0.000000 0.963577 0.000000 -0.267431 0.805279 0.805279 0.805279
5193.140137 0.000000 2374.387695 0.000000 0.102171 0.000000 -0.994767 1.053136 1.053136 1.053136
5186.553711 0.000000 2393.596924 0.000000 0.317307 0.000000 -0.948323 1.002002 1.002002 1.002002
5195.758301 0.000000 2380.103271 0.000000 0.997753 0.000000 0.066996 0.736310 0.736310 0.736310
5183.506836 0.000000 2395.466553 0.000000 0.784068 0.000000 0.620675 0.614028 0.614028 0.614028
5190.443359 0.000000 2397.355469 0.000000 0.597737 0.000000 0.801692 0.560082 0.560082 0.560082
5188.544922 0.000000 2391.267822 0.000000 0.943847 0.000000 0.330384 0.682005 0.682005 0.682005
5197.739258 0.000000 2388.964355 0.000000 0.043303 0.000000 0.999062 0.438109 0.438109 0.438109
5197.381348 0.000000 2385.445557 0.000000 0.809913 0.000000 0.586550 0.622369 0.622369 0.622369
5193.920898 0.000000 2389.951904 0.000000 0.848711 0.000000 -0.528856 0.863470 0.863470 0.863470
5183.637207 0.000000 2389.005615 0.000000 0.929298 0.000000 0.369332 0.673608 0.673608 0.673608
5189.413086 0.000000 2387.516846 0.000000 0.360265 0.000000 0.932850 0.507219 0.507219 0.507219
5185.942383 0.000000 2391.144287 0.000000 0.002184 0.000000 0.999998 0.434116 0.434116 0.434116
5225.846680 0.000000 2396.945068 0.000000 0.613808 0.000000 -0.789455 0.939371 0.939371 0.939371
5238.858887 0.000000 2377.125000 0.000000 0.799683 0.000000 0.600422 0.612348 0.612348 0.612348
5220.779297 0.000000 2382.044189 0.000000 0.035629 0.000000 -0.999365 1.075531 1.075531 1.075531
5242.703125 0.000000 2393.442383 0.000000 0.267053 0.000000 -0.963682 1.026494 1.026494 1.026494
5215.664062 0.000000 2367.980225 0.000000 0.790331 0.000000 0.612680 0.609053 0.609053 0.609053
5231.970215 0.000000 2386.884521 0.000000 0.907189 0.000000 -0.420723 0.841593 0.841593 0.841593
5215.519043 0.000000 2392.155762 0.000000 0.998645 0.000000 -0.052040 0.760952 0.760952 0.760952
5243.925293 0.000000 2384.520752 0.000000 0.950448 0.000000 0.310882 0.682611 0.682611 0.682611
5230.846680 0.000000 2378.874512 0.000000 0.018898 0.000000 0.999821 0.419176 0.419176 0.419176
5223.109375 0.000000 2389.587646 0.000000 0.047769 0.000000 -0.998858 1.070388 1.070388 1.070388
5234.913086 0.000000 2393.963379 0.000000 0.666587 0.000000 0.745428 0.573518 0.573518 0.573518
5238.363770 0.000000 2388.286865 0.000000 0.905458 0.000000 0.424436 0.657050 0.657050 0.657050
5215.460938 0.000000 2385.754395 0.000000 0.460979 0.000000 0.887411 0.520345 0.520345 0.520345
5226.751953 0.000000 2383.409424 0.000000 0.873936 0.000000 -0.486042 0.857627 0.857627 0.857627
5228.577637 0.000000 2391.675293 0.000000 0.348895 0.000000 -0.937162 1.004104 1.004104 1.004104
5231.468262 0.000000 2399.156982 0.000000 0.999926 0.000000 0.012129 0.747483 0.747483 0.747483
5218.212402 0.000000 2397.398926 0.000000 0.398593 0.000000 -0.917128 0.993543 0.993543 0.993543
5239.018555 0.000000 2396.910156 0.000000 0.999947 0.000000 0.010322 0.747829 0.747829 0.747829
5221.829102 0.000000 2394.200928 0.000000 0.211448 0.000000 0.977389 0.465141 0.465141 0.465141
5230.964844 0.000000 2395.054688 0.000000 0.944419 0.000000 -0.328744 0.819714 0.819714 0.819714
5193.850586 0.000000 2428.937256 0.000000 0.953202 0.000000 -0.302335 0.813922 0.813922 0.813922
5206.862793 0.000000 2409.117188 0.000000 0.029173 0.000000 0.999574 0.423965 0.423965 0.423965
5188.783203 0.000000 2414.036377 0.000000 0.802640 0.000000 -0.596464 0.883724 0.883724 0.883724
5210.707031 0.000000 2425.434570 0.000000 0.421112 0.000000 0.907009 0.512913 0.512913 0.512913
5183.667969 0.000000 2399.972412 0.000000 0.015827 0.000000 -0.999875 1.068377 1.068377 1.068377
5199.974121 0.000000 2418.876709 0.000000 0.907394 0.000000 -0.420282 0.841247 0.841247 0.841247
5194.970215 0.000000 2403.590332 0.000000 0.955306 0.000000 -0.295619 0.812626 0.812626 0.812626
5183.522949 0.000000 2424.147949 0.000000 0.373251 0.000000 0.927730 0.504031 0.504031 0.504031
5205.508301 0.000000 2399.507812 0.000000 0.686946 0.000000 -0.726708 0.921593 0.921593 0.921593
5211.929199 0.000000 2416.512939 0.000000 0.128526 0.000000 -0.991706 1.051709 1.051709 1.051709
5198.850586 0.000000 2410.866699 0.000000 0.439620 0.000000 -0.898184 0.985315 0.985315 0.985315
5215.204102 0.000000 2407.984375 0.000000 0.949223 0.000000 0.314603 0.683214 0.683214 0.683214
5191.113281 0.000000 2421.579834 0.000000 0.193586 0.000000 0.981083 0.462087 0.462087 0.462087
5202.916992 0.000000 2425.955566 0.000000 0.803035 0.000000 -0.595932 0.883585 0.883585 0.883585
5187.577637 0.000000 2406.645996 0.000000 0.876776 0.000000 -0.480898 0.854409 0.854409 0.854409
5213.110352 0.000000 2399.855957 0.000000 0.418076 0.000000 -0.908412 0.989705 0.989705 0.989705
5201.365234 0.000000 2404.815674 0.000000 0.412372 0.000000 0.911016 0.509619 0.509619 0.509619
5206.367676 0.000000 2420.279053 0.000000 0.268385 0.000000 -0.963312 1.023282 1.023282 1.023282
5190.003906 0.000000 2399.566895 0.000000 0.609833 0.000000 -0.792530 0.937334 0.937334 0.937334
5183.464844 0.000000 2417.746582 0.000000 0.999409 0.000000 -0.034365 0.757153 0.757153 0.757153
5194.755859 0.000000 2415.401611 0.000000 0.997255 0.000000 0.074045 0.734451 0.734451 0.734451
5204.331543 0.000000 2414.501953 0.000000 0.991670 0.000000 0.128807 0.722755 0.722755 0.722755
5196.581543 0.000000 2423.667480 0.000000 0.995335 0.000000 -0.096476 0.770273 0.770273 0.770273
5192.850586 0.000000 2409.797607 0.000000 0.619546 0.000000 0.784960 0.560117 0.560117 0.560117
5199.472168 0.000000 2431.149170 0.000000 0.843428 0.000000 -0.537243 0.868037 0.868037 0.868037
5186.216309 0.000000 2429.391113 0.000000 0.943861 0.000000 0.330344 0.679933 0.679933 0.679933
5209.153809 0.000000 2403.963623 0.000000 0.647576 0.000000 0.762001 0.567740 0.567740 0.567740
5207.022461 0.000000 2428.902344 0.000000 0.495832 0.000000 0.868418 0.531059 0.531059 0.531059
5211.167480 0.000000 2411.697998 0.000000 0.905677 0.000000 0.423968 0.657897 0.657897 0.657897
5184.880371 0.000000 2410.952393 0.000000 0.955604 0.000000 -0.294654 0.811911 0.811911 0.811911
5189.833008 0.000000 2426.193115 0.000000 0.988944 0.000000 -0.148286 0.781059 0.781059 0.781059
5212.903320 0.000000 2421.447510 0.000000 0.976214 0.000000 0.216809 0.704394 0.704394 0.704394
5213.025391 0.000000 2429.635986 0.000000 0.961521 0.000000 0.274730 0.691766 0.691766 0.691766
5198.421875 0.000000 2400.589844 0.000000 0.888245 0.000000 0.459370 0.650400 0.650400 0.650400
5186.730469 0.000000 2420.755371 0.000000 0.387861 0.000000 0.921718 0.505984 0.505984 0.505984
5190.730957 0.000000 2403.826416 0.000000 0.622103 0.000000 0.782935 0.564340 0.564340 0.564340
5184.368164 0.000000 2403.991699 0.000000 0.951380 0.000000 0.308021 0.685539 0.685539 0.685539
5198.968750 0.000000 2427.046875 0.000000 0.280440 0.000000 -0.959872 1.018476 1.018476 1.018476
5195.160156 0.000000 2419.375488 0.000000 0.937123 0.000000 0.348998 0.675405 0.675405 0.675405
5206.683594 0.000000 2424.905518 0.000000 0.976141 0.000000 -0.217136 0.795799 0.795799 0.795799
5203.042969 0.000000 2429.802246 0.000000 0.123366 0.000000 0.992361 0.448829 0.448829 0.448829
5194.955566 0.000000 2399.601318 0.000000 0.960802 0.000000 -0.277237 0.808148 0.808148 0.808148
5187.537598 0.000000 2402.223389 0.000000 0.871631 0.000000 0.490163 0.644537 0.644537 0.644537
5225.846680 0.000000 2428.937256 0.000000 0.384683 0.000000 0.923049 0.501304 0.501304 0.501304
5238.858887 0.000000 2409.117188 0.000000 0.830380 0.000000 0.557198 0.626005 0.626005 0.626005
5220.779297 0.000000 2414.036377 0.000000 0.789648 0.000000 -0.613560 0.887475 0.887475 0.887475
5242.703125 0.000000 2425.434570 0.000000 0.590792 0.000000 -0.806824 0.950119 0.950119 0.950119
5215.664062 0.000000 2399.972412 0.000000 0.976248 0.000000 0.216655 0.704059 0.704059 0.704059
5231.970215 0.000000 2418.876709 0.000000 0.488150 0.000000 -0.872760 0.970778 0.970778 0.970778
5226.966309 0.000000 2403.590332 0.000000 0.921975 0.000000 -0.387249 0.832087 0.832087 0.832087
5215.519043 0.000000 2424.147949 0.000000 0.568773 0.000000 -0.822494 0.951540 0.951540 0.951540
5237.504395 0.000000 2399.507812 0.000000 0.593061 0.000000 -0.805158 0.945838 0.945838 0.945838
5243.925293 0.000000 2416.512939 0.000000 0.591438 0.000000 0.806351 0.551106 0.551106 0.551106
5230.846680 0.000000 2410.866699 0.000000 0.947489 0.000000 -0.319788 0.817378 0.817378 0.817378
5247.200195 0.000000 2407.984375 0.000000 0.267837 0.000000 -0.963464 1.027051 1.027051 1.027051
5223.109375 0.000000 2421.579834 0.000000 0.334087 0.000000 0.942542 0.493290 0.493290 0.493290
5234.913086 0.000000 2425.955566 0.000000 0.961329 0.000000 -0.275402 0.809007 0.809007 0.809007
5219.573730 0.000000 2406.645996 0.000000 0.840418 0.000000 -0.541939 0.868877 0.868877 0.868877
5245.106445 0.000000 2399.855957 0.000000 0.976683 0.000000 -0.214687 0.795882 0.795882 0.795882
5233.361328 0.000000 2404.815674 0.000000 0.944602 0.000000 -0.328219 0.819410 0.819410 0.819410
5238.363770 0.000000 2420.279053 0.000000 0.739886 0.000000 0.672732 0.593943 0.593943 0.593943
5222.000000 0.000000 2399.566895 0.000000 0.747798 0.000000 0.663926 0.599302 0.599302 0.599302
5215.460938 0.000000 2417.746582 0.000000 0.845356 0.000000 0.534203 0.632395 0.632395 0.632395
5226.751953 0.000000 2415.401611 0.000000 0.522258 0.000000 -0.852788 0.961404 0.961404 0.961404
5236.327637 0.000000 2414.501953 0.000000 0.106000 0.000000 0.994366 0.443545 0.443545 0.443545
5228.577637 0.000000 2423.667480 0.000000 0.901849 0.000000 0.432051 0.656518 0.656518 0.656518
5224.846680 0.000000 2409.797607 0.000000 0.983420 0.000000 -0.181341 0.787643 0.787643 0.787643
5218.212402 0.000000 2429.391113 0.000000 0.922738 0.000000 0.385428 0.666987 0.666987 0.666987
5241.149902 0.000000 2403.963623 0.000000 0.488209 0.000000 0.872727 0.526853 0.526853 0.526853
5216.876465 0.000000 2410.952393 0.000000 0.941228 0.000000 -0.337773 0.821707 0.821707 0.821707
5221.829102 0.000000 2426.193115 0.000000 0.033709 0.000000 -0.999432 1.072485 1.072485 1.072485
5230.417969 0.000000 2400.589844 0.000000 1.000000 0.000000 0.000627 0.749870 0.749870 0.749870
5218.726562 0.000000 2420.755371 0.000000 0.572736 0.000000 0.819740 0.549467 0.549467 0.549467
5222.727051 0.000000 2403.826416 0.000000 0.988789 0.000000 0.149317 0.719060 0.719060 0.719060
5234.805664 0.000000 2408.754883 0.000000 0.739970 0.000000 0.672640 0.596456 0.596456 0.596456
5216.364258 0.000000 2403.991699 0.000000 0.999844 0.000000 -0.017686 0.753701 0.753701 0.753701
5229.653320 0.000000 2406.837891 0.000000 0.343226 0.000000 0.939253 0.497373 0.497373 0.497373
5227.156250 0.000000 2419.375488 0.000000 0.538611 0.000000 -0.842554 0.958537 0.958537 0.958537
5223.229492 0.000000 2417.374512 0.000000 0.652603 0.000000 0.757700 0.571064 0.571064 0.571064
5231.098145 0.000000 2415.107666 0.000000 0.976526 0.000000 0.215400 0.705061 0.705061 0.705061
5226.951660 0.000000 2399.601318 0.000000 0.257675 0.000000 0.966232 0.478799 0.478799 0.478799
5221.367188 0.000000 2410.652588 0.000000 0.784764 0.000000 -0.619795 0.888372 0.888372 0.888372
5225.136230 0.000000 2406.379883 0.000000 0.915640 0.000000 -0.401998 0.835401 0.835401 0.835401
5247.515137 0.000000 2392.155762 0.000000 0.798085 0.000000 0.602545 0.611780 0.611780 0.611780
5252.775391 0.000000 2414.036377 0.000000 0.998491 0.000000 -0.054917 0.761774 0.761774 0.761774
5247.660156 0.000000 2399.972412 0.000000 0.245429 0.000000 -0.969414 1.032737 1.032737 1.032737
5247.515137 0.000000 2424.147949 0.000000 0.897460 0.000000 -0.441096 0.847639 0.847639 0.847639
5142.870605 0.000000 2441.109375 0.000000 0.330099 0.000000 -0.943946 1.013833 1.013833 1.013833
5151.211914 0.000000 2439.976562 0.000000 0.937861 0.000000 0.347010 0.674654 0.674654 0.674654
5149.118164 0.000000 2431.848145 0.000000 0.223769 0.000000 0.974642 0.464012 0.464012 0.464012
5174.866699 0.000000 2441.109375 0.000000 0.983237 0.000000 -0.182333 0.788263 0.788263 0.788263
5156.787109 0.000000 2446.028564 0.000000 0.176678 0.000000 -0.984269 1.046209 1.046209 1.046209
5178.710938 0.000000 2457.426758 0.000000 0.233686 0.000000 0.972312 0.466178 0.466178 0.466178
5167.978027 0.000000 2450.868896 0.000000 0.995726 0.000000 -0.092357 0.769612 0.769612 0.769612
5162.974121 0.000000 2435.582520 0.000000 0.892723 0.000000 -0.450606 0.847284 0.847284 0.847284
5173.512207 0.000000 2431.500000 0.000000 0.849436 0.000000 -0.527692 0.864753 0.864753 0.864753
5179.933105 0.000000 2448.505127 0.000000 0.747770 0.000000 0.663958 0.597254 0.597254 0.597254
5166.854492 0.000000 2442.858887 0.000000 0.189285 0.000000 0.981922 0.461170 0.461170 0.461170
5183.208008 0.000000 2439.976562 0.000000 0.906308 0.000000 -0.422617 0.841054 0.841054 0.841054
5155.581543 0.000000 2438.638184 0.000000 0.884974 0.000000 0.465641 0.647291 0.647291 0.647291
5181.114258 0.000000 2431.848145 0.000000 0.750544 0.000000 0.660821 0.600973 0.600973 0.600973
5169.369141 0.000000 2436.807861 0.000000 0.296475 0.000000 -0.955041 1.013555 1.013555 1.013555
5174.371582 0.000000 2452.271240 0.000000 0.629089 0.000000 -0.777333 0.938813 0.938813 0.938813
5158.007812 0.000000 2431.559082 0.000000 0.340089 0.000000 0.940393 0.494620 0.494620 0.494620
5162.759766 0.000000 2447.393799 0.000000 0.392115 0.000000 0.919916 0.503009 0.503009 0.503009
5172.335449 0.000000 2446.494141 0.000000 0.003686 0.000000 0.999993 0.421215 0.421215 0.421215
5160.854492 0.000000 2441.789795 0.000000 0.969251 0.000000 0.246076 0.697697 0.697697 0.697697
5177.157715 0.000000 2435.955811 0.000000 0.785301 0.000000 0.619114 0.610682 0.610682 0.610682
5179.171387 0.000000 2443.690186 0.000000 0.088160 0.000000 -0.996106 1.059373 1.059373 1.059373
5166.425781 0.000000 2432.582031 0.000000 0.312374 0.000000 -0.949959 1.010090 1.010090 1.010090
5158.734863 0.000000 2435.818604 0.000000 0.025761 0.000000 -0.999668 1.073285 1.073285 1.073285
5170.813477 0.000000 2440.747070 0.000000 0.339097 0.000000 -0.940751 1.005600 1.005600 1.005600
5179.081543 0.000000 2439.625000 0.000000 0.631816 0.000000 0.775119 0.564921 0.564921 0.564921
5165.661133 0.000000 2438.830078 0.000000 0.995164 0.000000 -0.098230 0.770587 0.770587 0.770587
5173.219727 0.000000 2435.715820 0.000000 0.968291 0.000000 -0.249827 0.802408 0.802408 0.802408
5181.986816 0.000000 2435.541504 0.000000 0.876668 0.000000 -0.481095 0.854455 0.854455 0.854455
5177.457520 0.000000 2431.456299 0.000000 0.759375 0.000000 0.650653 0.603754 0.603754 0.603754
5162.959473 0.000000 2431.593506 0.000000 0.998028 0.000000 0.062770 0.736963 0.736963 0.736963
5170.147461 0.000000 2433.287842 0.000000 0.957270 0.000000 0.289195 0.689271 0.689271 0.689271
5193.850586 0.000000 2460.929443 0.000000 0.434341 0.000000 -0.900749 0.989702 0.989702 0.989702
5206.862793 0.000000 2441.109375 0.000000 0.938575 0.000000 -0.345076 0.823522 0.823522 0.823522
5188.783203 0.000000 2446.028564 0.000000 0.370988 0.000000 -0.928638 0.999818 0.999818 0.999818
5210.707031 0.000000 2457.426758 0.000000 0.703512 0.000000 0.710683 0.581937 0.581937 0.581937
5183.667969 0.000000 2431.964600 0.000000 0.941333 0.000000 -0.337479 0.821449 0.821449 0.821449
5199.974121 0.000000 2450.868896 0.000000 0.873138 0.000000 -0.487472 0.857117 0.857117 0.857117
5194.970215 0.000000 2435.582520 0.000000 0.368515 0.000000 -0.929622 0.997695 0.997695 0.997695
5183.522949 0.000000 2456.140137 0.000000 0.414578 0.000000 0.910014 0.506917 0.506917 0.506917
5205.508301 0.000000 2431.500000 0.000000 0.803046 0.000000 -0.595917 0.882506 0.882506 0.882506
5211.929199 0.000000 2448.505127 0.000000 0.932042 0.000000 0.362350 0.671999 0.671999 0.671999
5198.850586 0.000000 2442.858887 0.000000 0.118878 0.000000 0.992909 0.447072 0.447072 0.447072
5215.204102 0.000000 2439.976562 0.000000 0.737683 0.000000 -0.675148 0.905499 0.905499 0.905499
5191.113281 0.000000 2453.572021 0.000000 0.959041 0.000000 -0.283267 0.810739 0.810739 0.810739
5202.916992 0.000000 2457.947754 0.000000 0.189610 0.000000 -0.981859 1.043412 1.043412 1.043412
5187.577637 0.000000 2438.638184 0.000000 0.994063 0.000000 0.108806 0.727249 0.727249 0.727249
5213.110352 0.000000 2431.848145 0.000000 0.670223 0.000000 0.742160 0.575014 0.575014 0.575014
5201.365234 0.000000 2436.807861 0.000000 0.324926 0.000000 -0.945739 1.007342 1.007342 1.007342
5206.367676 0.000000 2452.271240 0.000000 0.992372 0.000000 -0.123276 0.776138 0.776138 0.776138
5190.003906 0.000000 2431.559082 0.000000 0.716233 0.000000 0.697861 0.588814 0.588814 0.588814
5183.464844 0.000000 2449.738770 0.000000 0.618464 0.000000 0.785813 0.559320 0.559320 0.559320
5194.755859 0.000000 2447.393799 0.000000 0.952421 0.000000 -0.304786 0.814979 0.814979 0.814979
5204.331543 0.000000 2446.494141 0.000000 0.989408 0.000000 0.145159 0.719519 0.719519 0.719519
5196.581543 0.000000 2455.659668 0.000000 0.662879 0.000000 0.748727 0.571051 0.571051 0.571051
5192.850586 0.000000 2441.789795 0.000000 0.041729 0.000000 -0.999129 1.069083 1.069083 1.069083
5209.153809 0.000000 2435.955811 0.000000 0.995120 0.000000 0.098669 0.729432 0.729432 0.729432
5184.880371 0.000000 2442.944580 0.000000 0.737413 0.000000 -0.675442 0.905166 0.905166 0.905166
5198.421875 0.000000 2432.582031 0.000000 0.536531 0.000000 -0.843881 0.958486 0.958486 0.958486
5190.730957 0.000000 2435.818604 0.000000 0.643135 0.000000 -0.765752 0.931523 0.931523 0.931523
5202.809570 0.000000 2440.747070 0.000000 0.256619 0.000000 -0.966513 1.022900 1.022900 1.022900
5211.077637 0.000000 2439.625000 0.000000 0.329230 0.000000 0.944250 0.492216 0.492216 0.492216
5184.368164 0.000000 2435.983887 0.000000 0.945642 0.000000 -0.325210 0.819308 0.819308 0.819308
5197.657227 0.000000 2438.830078 0.000000 0.630405 0.000000 -0.776267 0.934959 0.934959 0.934959
5205.215820 0.000000 2435.715820 0.000000 0.233008 0.000000 0.972475 0.472782 0.472782 0.472782
5209.453613 0.000000 2431.456299 0.000000 0.344866 0.000000 0.938652 0.497051 0.497051 0.497051
5202.143555 0.000000 2433.287842 0.000000 0.411536 0.000000 -0.911393 0.987996 0.987996 0.987996
5220.779297 0.000000 2446.028564 0.000000 0.956477 0.000000 0.291807 0.686876 0.686876 0.686876
5215.664062 0.000000 2431.964600 0.000000 0.972055 0.000000 -0.234755 0.799583 0.799583 0.799583
5226.966309 0.000000 2435.582520 0.000000 0.592460 0.000000 -0.805600 0.949677 0.949677 0.949677
5215.519043 0.000000 2456.140137 0.000000 0.083721 0.000000 -0.996489 1.066985 1.066985 1.066985
5237.504395 0.000000 2431.500000 0.000000 0.799296 0.000000 0.600937 0.612572 0.612572 0.612572
5219.573730 0.000000 2438.638184 0.000000 0.910496 0.000000 -0.413518 0.840161 0.840161 0.840161
5222.000000 0.000000 2431.559082 0.000000 0.895249 0.000000 -0.445566 0.847667 0.847667 0.847667
5215.460938 0.000000 2449.738770 0.000000 0.422856 0.000000 -0.906197 0.989871 0.989871 0.989871
5216.876465 0.000000 2442.944580 0.000000 0.232467 0.000000 -0.972604 1.031837 1.031837 1.031837
5183.667969 0.000000 2463.956787 0.000000 0.915470 0.000000 0.402386 0.661487 0.661487 0.661487
5215.664062 0.000000 2463.956787 0.000000 0.965717 0.000000 -0.259596 0.806128 0.806128 0.806128
4602.781250 0.000000 3097.270508 0.000000 0.687421 0.000000 -0.726259 0.923738 0.923738 0.923738
4599.096680 0.000000 3100.738281 0.000000 0.162654 0.000000 -0.986683 1.031051 1.031051 1.031051
4605.099609 0.000000 3101.471924 0.000000 0.434740 0.000000 -0.900556 0.980162 0.980162 0.980162
4591.042969 0.000000 3098.882812 0.000000 0.960840 0.000000 -0.277103 0.808593 0.808593 0.808593
4595.117188 0.000000 3101.638184 0.000000 0.836006 0.000000 0.548720 0.630423 0.630423 0.630423
4602.035156 0.000000 3101.354004 0.000000 0.611247 0.000000 0.791440 0.568161 0.568161 0.568161
4597.226074 0.000000 3102.473389 0.000000 0.778352 0.000000 0.627828 0.628564 0.628564 0.628564
4599.528320 0.000000 3102.718018 0.000000 0.689739 0.000000 0.724058 0.613330 0.613330 0.613330
4603.571289 0.000000 3102.672363 0.000000 0.114209 0.000000 0.993457 0.495175 0.495175 0.495175
4601.288574 0.000000 3102.785400 0.000000 0.952341 0.000000 -0.305034 0.802497 0.802497 0.802497
4570.785156 0.000000 3129.262695 0.000000 0.428785 0.000000 -0.903407 0.988485 0.988485 0.988485
4575.282227 0.000000 3111.812500 0.000000 0.914854 0.000000 0.403784 0.662795 0.662795 0.662795
4572.981445 0.000000 3125.275635 0.000000 0.871690 0.000000 -0.490058 0.854000 0.854000 0.854000
4574.204590 0.000000 3122.415771 0.000000 0.452940 0.000000 -0.891541 0.967336 0.967336 0.967336
4585.924805 0.000000 3132.765381 0.000000 0.952357 0.000000 0.304985 0.686370 0.686370 0.686370
4582.078125 0.000000 3103.395020 0.000000 0.484994 0.000000 0.874518 0.525481 0.525481 0.525481
4578.290527 0.000000 3133.219238 0.000000 0.973554 0.000000 0.228456 0.703325 0.703325 0.703325
4576.954590 0.000000 3114.780518 0.000000 0.555137 0.000000 -0.831759 0.946152 0.946152 0.946152
4590.496094 0.000000 3104.417969 0.000000 0.830726 0.000000 -0.556681 0.858610 0.858610 0.858610
4606.057129 0.000000 3107.377441 0.000000 0.929283 0.000000 -0.369368 0.818111 0.818111 0.818111
4595.117188 0.000000 3133.630371 0.000000 0.512628 0.000000 0.858611 0.538007 0.538007 0.538007
4587.029785 0.000000 3103.429443 0.000000 0.591026 0.000000 -0.806653 0.941622 0.941622 0.941622
4579.611816 0.000000 3106.051514 0.000000 0.710455 0.000000 -0.703743 0.910276 0.910276 0.910276
4576.230469 0.000000 3118.166016 0.000000 0.286218 0.000000 0.958165 0.505079 0.505079 0.505079
4575.581055 0.000000 3131.286865 0.000000 0.630200 0.000000 0.776433 0.569480 0.569480 0.569480
4576.491211 0.000000 3111.425537 0.000000 0.850685 0.000000 0.525675 0.637292 0.637292 0.637292
4606.200684 0.000000 3122.415771 0.000000 0.967464 0.000000 -0.253009 0.794326 0.794326 0.794326
4575.711426 0.000000 3124.825928 0.000000 0.990742 0.000000 -0.135756 0.776658 0.776658 0.776658
4579.053223 0.000000 3113.204346 0.000000 0.993867 0.000000 0.110581 0.729429 0.729429 0.729429
4605.042480 0.000000 3127.875488 0.000000 0.512958 0.000000 -0.858414 0.949739 0.949739 0.949739
4597.179688 0.000000 3131.053467 0.000000 0.599663 0.000000 0.800253 0.572559 0.572559 0.572559
4578.549805 0.000000 3118.964600 0.000000 0.904009 0.000000 -0.427514 0.822828 0.822828 0.822828
4579.141602 0.000000 3116.050781 0.000000 0.014266 0.000000 -0.999898 1.019734 1.019734 1.019734
4577.731445 0.000000 3122.453857 0.000000 0.177931 0.000000 -0.984043 1.002153 1.002153 1.002153
4588.327148 0.000000 3105.422119 0.000000 0.944000 0.000000 -0.329945 0.811102 0.811102 0.811102
4588.877441 0.000000 3118.045166 0.000000 0.351595 0.000000 -0.936152 0.957224 0.957224 0.957224
4603.419434 0.000000 3108.516357 0.000000 0.486785 0.000000 0.873522 0.595138 0.595138 0.595138
4580.527344 0.000000 3108.264893 0.000000 0.663770 0.000000 0.747937 0.601679 0.601679 0.601679
4604.965820 0.000000 3112.859375 0.000000 0.997854 0.000000 -0.065479 0.759478 0.759478 0.759478
4592.623535 0.000000 3103.487549 0.000000 0.200984 0.000000 0.979595 0.479808 0.479808 0.479808
4592.369629 0.000000 3106.267578 0.000000 0.826661 0.000000 -0.562701 0.829061 0.829061 0.829061
4595.139648 0.000000 3107.131104 0.000000 0.854910 0.000000 0.518776 0.666207 0.666207 0.666207
4604.863770 0.000000 3117.000732 0.000000 0.753020 0.000000 -0.657998 0.857104 0.857104 0.857104
4598.709473 0.000000 3126.232666 0.000000 0.315870 0.000000 0.948802 0.536293 0.536293 0.536293
4578.369141 0.000000 3108.724121 0.000000 0.100429 0.000000 -0.994944 1.037807 1.037807 1.037807
4584.999512 0.000000 3107.939209 0.000000 0.625691 0.000000 -0.780071 0.896011 0.896011 0.896011
4606.078125 0.000000 3119.878418 0.000000 0.198959 0.000000 -0.980008 0.963631 0.963631 0.963631
4592.928711 0.000000 3129.406494 0.000000 0.714026 0.000000 -0.700120 0.881349 0.881349 0.881349
4594.426758 0.000000 3127.729248 0.000000 0.759765 0.000000 0.650198 0.617794 0.617794 0.617794
4595.046387 0.000000 3103.245117 0.000000 0.920546 0.000000 -0.390635 0.826308 0.826308 0.826308
4607.434570 0.000000 3109.631104 0.000000 0.428102 0.000000 0.903730 0.562697 0.562697 0.562697
4583.086914 0.000000 3109.745605 0.000000 0.772330 0.000000 0.635222 0.635364 0.635364 0.635364
4596.748047 0.000000 3128.501465 0.000000 0.840842 0.000000 -0.541281 0.850722 0.850722 0.850722
4603.243164 0.000000 3126.358887 0.000000 0.893704 0.000000 0.448657 0.664931 0.664931 0.664931
4606.422852 0.000000 3105.359375 0.000000 0.890566 0.000000 -0.454854 0.841379 0.841379 0.841379
4577.310547 0.000000 3120.523193 0.000000 0.901065 0.000000 0.433683 0.666470 0.666470 0.666470
4592.019043 0.000000 3124.685547 0.000000 0.434697 0.000000 -0.900577 0.938609 0.938609 0.938609
4587.852051 0.000000 3125.200195 0.000000 0.909112 0.000000 0.416553 0.683027 0.683027 0.683027
4601.766113 0.000000 3109.689941 0.000000 0.171837 0.000000 -0.985125 0.978929 0.978929 0.978929
4600.442383 0.000000 3124.462646 0.000000 0.709021 0.000000 0.705188 0.627117 0.627117 0.627117
4584.767578 0.000000 3119.729736 0.000000 0.121702 0.000000 0.992567 0.504633 0.504633 0.504633
4589.864746 0.000000 3116.413574 0.000000 0.083424 0.000000 0.996514 0.503964 0.503964 0.503964
4599.663574 0.000000 3103.685791 0.000000 0.280823 0.000000 0.959760 0.532902 0.532902 0.532902
4581.114746 0.000000 3125.186768 0.000000 0.656847 0.000000 0.754024 0.617334 0.617334 0.617334
4599.343262 0.000000 3108.041260 0.000000 0.038278 0.000000 0.999267 0.492177 0.492177 0.492177
4594.269531 0.000000 3131.535889 0.000000 0.518187 0.000000 0.855267 0.564122 0.564122 0.564122
4601.393066 0.000000 3105.212646 0.000000 0.325592 0.000000 -0.945510 0.954295 0.954295 0.954295
4586.386719 0.000000 3105.644287 0.000000 0.755210 0.000000 0.655483 0.615286 0.615286 0.615286
4586.370605 0.000000 3112.431641 0.000000 0.980749 0.000000 0.195274 0.720579 0.720579 0.720579
4586.558594 0.000000 3117.383545 0.000000 0.467695 0.000000 -0.883890 0.931778 0.931778 0.931778
4590.457031 0.000000 3126.531250 0.000000 0.788885 0.000000 -0.614541 0.860968 0.860968 0.860968
4603.304199 0.000000 3103.660400 0.000000 0.597276 0.000000 0.802036 0.587150 0.587150 0.587150
4590.119141 0.000000 3122.989990 0.000000 0.210056 0.000000 -0.977689 0.977897 0.977897 0.977897
4593.368164 0.000000 3117.741211 0.000000 0.979700 0.000000 0.200471 0.716837 0.716837 0.716837
4580.553223 0.000000 3112.236084 0.000000 0.908310 0.000000 -0.418298 0.818484 0.818484 0.818484
4586.899414 0.000000 3127.985352 0.000000 0.520608 0.000000 -0.853796 0.925019 0.925019 0.925019
4581.348633 0.000000 3109.946289 0.000000 0.758754 0.000000 -0.651377 0.874527 0.874527 0.874527
4585.997070 0.000000 3130.180908 0.000000 0.923331 0.000000 0.384006 0.676608 0.676608 0.676608
4584.500977 0.000000 3126.913818 0.000000 0.834845 0.000000 -0.550484 0.850692 0.850692 0.850692
4580.397949 0.000000 3129.075439 0.000000 0.434575 0.000000 0.900636 0.569556 0.569556 0.569556
4588.548340 0.000000 3119.775879 0.000000 0.191710 0.000000 0.981452 0.514319 0.514319 0.514319
4587.637695 0.000000 3121.400146 0.000000 0.134076 0.000000 -0.990971 0.974697 0.974697 0.974697
4603.276367 0.000000 3113.448486 0.000000 0.191515 0.000000 0.981490 0.523574 0.523574 0.523574
4604.242188 0.000000 3118.651367 0.000000 0.736233 0.000000 0.676728 0.639145 0.639145 0.639145
4603.135254 0.000000 3124.619385 0.000000 0.161269 0.000000 0.986911 0.551762 0.551762 0.551762
4599.701172 0.000000 3120.623535 0.000000 0.958954 0.000000 0.283562 0.699047 0.699047 0.699047
4603.013672 0.000000 3121.869629 0.000000 0.344627 0.000000 0.938740 0.556568 0.556568 0.556568
4593.596191 0.000000 3121.772949 0.000000 0.872223 0.000000 -0.489109 0.833109 0.833109 0.833109
4579.392090 0.000000 3122.907471 0.000000 0.552179 0.000000 0.833726 0.598547 0.598547 0.598547
4576.329590 0.000000 3126.418457 0.000000 0.980780 0.000000 0.195117 0.713984 0.713984 0.713984
4598.421875 0.000000 3114.600830 0.000000 0.386134 0.000000 0.922443 0.570241 0.570241 0.570241
4576.218262 0.000000 3123.231689 0.000000 0.997179 0.000000 -0.075058 0.763610 0.763610 0.763610
4597.536133 0.000000 3116.532227 0.000000 0.664825 0.000000 -0.746999 0.887175 0.887175 0.887175
4604.416504 0.000000 3107.052246 0.000000 0.997062 0.000000 0.076597 0.738307 0.738307 0.738307
4589.097656 0.000000 3114.530029 0.000000 0.999777 0.000000 0.021119 0.746470 0.746470 0.746470
4581.669434 0.000000 3131.740479 0.000000 0.627149 0.000000 -0.778899 0.898715 0.898715 0.898715
4600.207031 0.000000 3114.515381 0.000000 0.999921 0.000000 -0.012598 0.752077 0.752077 0.752077
4588.863770 0.000000 3106.987305 0.000000 0.307264 0.000000 -0.951624 0.952532 0.952532 0.952532
4602.403320 0.000000 3119.647217 0.000000 0.996183 0.000000 -0.087284 0.764507 0.764507 0.764507
4597.434082 0.000000 3109.213867 0.000000 0.705018 0.000000 0.709189 0.629771 0.629771 0.629771
4583.582520 0.000000 3129.326904 0.000000 0.381242 0.000000 0.924475 0.548889 0.548889 0.548889
4587.064941 0.000000 3114.424316 0.000000 0.992090 0.000000 0.125528 0.727836 0.727836 0.727836
4596.344727 0.000000 3113.408936 0.000000 0.514212 0.000000 -0.857663 0.900822 0.900822 0.900822
4597.188965 0.000000 3125.246826 0.000000 0.815173 0.000000 -0.579217 0.861565 0.861565 0.861565
4598.172852 0.000000 3119.531982 0.000000 0.996983 0.000000 0.077621 0.736361 0.736361 0.736361
4594.582031 0.000000 3125.988037 0.000000 0.718081 0.000000 0.695959 0.616608 0.616608 0.616608
4604.506836 0.000000 3114.437256 0.000000 0.752649 0.000000 0.658422 0.646445 0.646445 0.646445
4596.026367 0.000000 3108.453125 0.000000 0.901503 0.000000 -0.432774 0.818258 0.818258 0.818258
4591.998047 0.000000 3107.985107 0.000000 0.298574 0.000000 -0.954387 0.934774 0.934774 0.934774
4606.476562 0.000000 3113.286865 0.000000 0.994277 0.000000 0.106837 0.733134 0.733134 0.733134
4603.761719 0.000000 3110.041748 0.000000 0.896186 0.000000 -0.443678 0.826821 0.826821 0.826821
4604.715820 0.000000 3105.424561 0.000000 0.653265 0.000000 0.757129 0.601158 0.601158 0.601158
4604.691895 0.000000 3111.338623 0.000000 0.043848 0.000000 0.999038 0.528281 0.528281 0.528281
4579.314453 0.000000 3117.621826 0.000000 0.353469 0.000000 0.935446 0.540400 0.540400 0.540400
4604.781738 0.000000 3121.686768 0.000000 0.995383 0.000000 0.095982 0.735717 0.735717 0.735717
4581.744141 0.000000 3121.794434 0.000000 0.131670 0.000000 0.991294 0.522499 0.522499 0.522499
4583.977539 0.000000 3106.641846 0.000000 0.583619 0.000000 -0.812028 0.914747 0.914747 0.914747
4579.190918 0.000000 3127.961914 0.000000 0.958115 0.000000 0.286384 0.702278 0.702278 0.702278
4600.057129 0.000000 3117.441895 0.000000 0.609831 0.000000 -0.792531 0.910095 0.910095 0.910095
4594.924805 0.000000 3117.817139 0.000000 0.718942 0.000000 -0.695070 0.880587 0.880587 0.880587
4599.861328 0.000000 3127.234131 0.000000 0.739406 0.000000 -0.673260 0.876335 0.876335 0.876335
4598.405273 0.000000 3111.444580 0.000000 0.998452 0.000000 -0.055622 0.759331 0.759331 0.759331
4590.762695 0.000000 3120.455566 0.000000 0.910845 0.000000 -0.412748 0.821340 0.821340 0.821340
4579.270996 0.000000 3126.095703 0.000000 0.907640 0.000000 -0.419749 0.821171 0.821171 0.821171
4585.090332 0.000000 3118.250000 0.000000 0.720234 0.000000 -0.693731 0.879841 0.879841 0.879841
4606.514160 0.000000 3116.296143 0.000000 0.772955 0.000000 -0.634461 0.859839 0.859839 0.859839
4582.012695 0.000000 3126.407227 0.000000 0.729826 0.000000 -0.683633 0.867334 0.867334 0.867334
4588.721191 0.000000 3123.612549 0.000000 0.303859 0.000000 0.952717 0.539094 0.539094 0.539094
4580.025879 0.000000 3119.359131 0.000000 0.781713 0.000000 -0.623638 0.860640 0.860640 0.860640
4600.332520 0.000000 3109.270264 0.000000 0.993656 0.000000 -0.112463 0.768454 0.768454 0.768454
4596.895508 0.000000 3122.141113 0.000000 0.776268 0.000000 0.630403 0.634868 0.634868 0.634868
4598.108398 0.000000 3104.808350 0.000000 0.549668 0.000000 0.835383 0.595308 0.595308 0.595308
4604.905762 0.000000 3108.507568 0.000000 0.627991 0.000000 0.778221 0.621504 0.621504 0.621504
4586.008301 0.000000 3124.182861 0.000000 0.294021 0.000000 -0.955799 0.948334 0.948334 0.948334
4590.186035 0.000000 3109.027832 0.000000 0.847617 0.000000 0.530609 0.665642 0.665642 0.665642
4580.599609 0.000000 3115.709717 0.000000 0.270259 0.000000 0.962788 0.544891 0.544891 0.544891
4584.692383 0.000000 3125.000000 0.000000 0.009335 0.000000 -0.999956 0.974101 0.974101 0.974101
4593.394531 0.000000 3123.360352 0.000000 0.996622 0.000000 0.082125 0.737461 0.737461 0.737461
4602.601074 0.000000 3107.230469 0.000000 0.575750 0.000000 0.817626 0.605084 0.605084 0.605084
4598.141113 0.000000 3106.364258 0.000000 0.636266 0.000000 0.771470 0.608688 0.608688 0.608688
4587.350098 0.000000 3126.565186 0.000000 0.986300 0.000000 0.164960 0.721655 0.721655 0.721655
4581.611328 0.000000 3128.248779 0.000000 0.600753 0.000000 0.799434 0.600919 0.600919 0.600919
4593.671387 0.000000 3107.116211 0.000000 0.977485 0.000000 -0.211006 0.778124 0.778124 0.778124
4595.754395 0.000000 3125.089844 0.000000 0.300781 0.000000 0.953693 0.530737 0.530737 0.530737
4595.310059 0.000000 3119.313721 0.000000 0.012230 0.000000 -0.999925 1.008705 1.008705 1.008705
4601.829102 0.000000 3115.021973 0.000000 0.270278 0.000000 -0.962782 0.963850 0.963850 0.963850
4600.585938 0.000000 3106.399658 0.000000 0.821935 0.000000 0.569581 0.649752 0.649752 0.649752
4593.566406 0.000000 3112.018311 0.000000 0.983821 0.000000 -0.179154 0.779899 0.779899 0.779899
4589.054688 0.000000 3126.013916 0.000000 0.849512 0.000000 -0.527569 0.840373 0.840373 0.840373
4589.087891 0.000000 3111.939697 0.000000 0.579969 0.000000 0.814639 0.602657 0.602657 0.602657
4580.143555 0.000000 3124.126953 0.000000 0.962689 0.000000 -0.270611 0.792561 0.792561 0.792561
4582.848633 0.000000 3117.480469 0.000000 0.996174 0.000000 -0.087387 0.762558 0.762558 0.762558
4590.773926 0.000000 3117.519043 0.000000 0.905275 0.000000 0.424826 0.675197 0.675197 0.675197
4591.035645 0.000000 3111.226562 0.000000 0.875213 0.000000 0.483737 0.668458 0.668458 0.668458
4592.255859 0.000000 3115.332520 0.000000 0.371166 0.000000 -0.928566 0.949622 0.949622 0.949622
4606.317383 0.000000 3108.782959 0.000000 0.807923 0.000000 -0.589288 0.854603 0.854603 0.854603
4591.751953 0.000000 3113.523682 0.000000 0.361654 0.000000 -0.932312 0.947289 0.947289 0.947289
4595.145996 0.000000 3111.194092 0.000000 0.622341 0.000000 -0.782746 0.872469 0.872469 0.872469
4606.832520 0.000000 3121.145752 0.000000 0.953762 0.000000 -0.300564 0.797759 0.797759 0.797759
4592.525879 0.000000 3119.197510 0.000000 0.782461 0.000000 0.622700 0.642200 0.642200 0.642200
4601.897949 0.000000 3112.186768 0.000000 0.865340 0.000000 0.501186 0.660797 0.660797 0.660797
4592.494629 0.000000 3110.840088 0.000000 0.998882 0.000000 0.047267 0.743240 0.743240 0.743240
4593.333008 0.000000 3125.168945 0.000000 0.022458 0.000000 -0.999748 1.010486 1.010486 1.010486
4588.513184 0.000000 3109.998291 0.000000 0.418802 0.000000 0.908078 0.582100 0.582100 0.582100
4605.650879 0.000000 3118.524658 0.000000 0.701727 0.000000 -0.712445 0.868263 0.868263 0.868263
4584.450195 0.000000 3122.036865 0.000000 0.246693 0.000000 0.969094 0.571469 0.571469 0.571469
4594.687012 0.000000 3122.915039 0.000000 0.289956 0.000000 -0.957040 0.941108 0.941108 0.941108
4594.599121 0.000000 3109.404053 0.000000 0.549299 0.000000 -0.835626 0.895870 0.895870 0.895870
4590.834473 0.000000 3121.833740 0.000000 0.937731 0.000000 -0.347363 0.809484 0.809484 0.809484
4605.304688 0.000000 3123.960205 0.000000 0.675193 0.000000 -0.737641 0.865798 0.865798 0.865798
4594.705566 0.000000 3120.617676 0.000000 0.200827 0.000000 0.979627 0.540510 0.540510 0.540510
4601.710449 0.000000 3124.887939 0.000000 0.996455 0.000000 -0.084124 0.763223 0.763223 0.763223
4585.428223 0.000000 3106.637207 0.000000 0.760106 0.000000 -0.649799 0.865421 0.865421 0.865421
4578.648438 0.000000 3120.520020 0.000000 0.889699 0.000000 0.456547 0.672634 0.672634 0.672634
4605.134766 0.000000 3115.621582 0.000000 0.668422 0.000000 0.743782 0.629157 0.629157 0.629157
4597.109863 0.000000 3110.517090 0.000000 0.562686 0.000000 -0.826671 0.896229 0.896229 0.896229
4605.977051 0.000000 3111.979492 0.000000 0.707615 0.000000 0.706598 0.636060 0.636060 0.636060
4595.397949 0.000000 3105.810791 0.000000 0.389748 0.000000 0.920921 0.570841 0.570841 0.570841
4582.536621 0.000000 3124.149902 0.000000 0.750218 0.000000 -0.661190 0.855709 0.855709 0.855709
4597.618652 0.000000 3113.010986 0.000000 0.464538 0.000000 -0.885553 0.909160 0.909160 0.909160
4581.646973 0.000000 3113.018066 0.000000 0.948489 0.000000 0.316809 0.698845 0.698845 0.698845
4585.796387 0.000000 3122.676270 0.000000 0.687371 0.000000 -0.726307 0.859823 0.859823 0.859823
4606.507324 0.000000 3110.663574 0.000000 0.970629 0.000000 0.240581 0.710489 0.710489 0.710489
4580.508789 0.000000 3122.268311 0.000000 0.164472 0.000000 0.986382 0.538007 0.538007 0.538007
4596.387207 0.000000 3106.647461 0.000000 0.080640 0.000000 0.996743 0.509361 0.509361 0.509361
4586.171387 0.000000 3110.987305 0.000000 0.035841 0.000000 -0.999358 0.963398 0.963398 0.963398
4584.590332 0.000000 3115.617676 0.000000 0.998945 0.000000 -0.045928 0.756620 0.756620 0.756620
4585.511719 0.000000 3116.718994 0.000000 0.899443 0.000000 0.437038 0.677971 0.677971 0.677971
4582.684082 0.000000 3120.067871 0.000000 0.956661 0.000000 -0.291204 0.789088 0.789088 0.789088
4586.713867 0.000000 3120.456055 0.000000 0.258365 0.000000 -0.966047 0.954853 0.954853 0.954853
4583.288574 0.000000 3126.613770 0.000000 0.953948 0.000000 -0.299971 0.797490 0.797490 0.797490
4602.218750 0.000000 3108.542969 0.000000 1.000000 0.000000 0.000601 0.749913 0.749913 0.749913
4583.144531 0.000000 3116.195557 0.000000 0.941218 0.000000 -0.337799 0.799454 0.799454 0.799454
4583.734863 0.000000 3124.244385 0.000000 0.177169 0.000000 0.984180 0.546210 0.546210 0.546210
4592.950684 0.000000 3109.736328 0.000000 0.559420 0.000000 0.828884 0.599885 0.599885 0.599885
4594.553711 0.000000 3108.160889 0.000000 0.589714 0.000000 -0.807612 0.888619 0.888619 0.888619
4605.497070 0.000000 3106.311768 0.000000 0.985710 0.000000 0.168451 0.724187 0.724187 0.724187
4595.183594 0.000000 3104.410400 0.000000 0.772453 0.000000 -0.635072 0.855327 0.855327 0.855327
4587.684082 0.000000 3112.074463 0.000000 0.926453 0.000000 -0.376410 0.807772 0.807772 0.807772
4604.952637 0.000000 3119.580566 0.000000 0.370353 0.000000 -0.928891 0.927684 0.927684 0.927684
4591.263672 0.000000 3106.576660 0.000000 0.999189 0.000000 -0.040258 0.755870 0.755870 0.755870
4583.864746 0.000000 3118.036377 0.000000 0.517820 0.000000 -0.855490 0.886367 0.886367 0.886367
4585.888184 0.000000 3114.239258 0.000000 0.776472 0.000000 -0.630151 0.848228 0.848228 0.848228
4585.233887 0.000000 3112.510986 0.000000 0.731951 0.000000 -0.681357 0.843268 0.843268 0.843268
4605.633789 0.000000 3120.952148 0.000000 0.030202 0.000000 -0.999544 0.978894 0.978894 0.978894
4605.492676 0.000000 3113.872803 0.000000 0.945542 0.000000 0.325501 0.702045 0.702045 0.702045
4595.915527 0.000000 3112.330811 0.000000 0.762351 0.000000 -0.647163 0.846669 0.846669 0.846669
4583.718750 0.000000 3119.769043 0.000000 0.639414 0.000000 0.768862 0.633485 0.633485 0.633485
4595.320801 0.000000 3113.515137 0.000000 0.966168 0.000000 0.257914 0.714173 0.714173 0.714173
4575.742188 0.000000 3135.792725 0.000000 0.490741 0.000000 0.871306 0.523898 0.523898 0.523898
4582.078125 0.000000 3135.387207 0.000000 0.927918 0.000000 0.372785 0.668995 0.668995 0.668995
4612.853516 0.000000 3117.864502 0.000000 0.927592 0.000000 -0.373594 0.827964 0.827964 0.827964
4607.738281 0.000000 3103.800537 0.000000 0.997664 0.000000 -0.068314 0.763883 0.763883 0.763883
4607.593262 0.000000 3127.976074 0.000000 0.733619 0.000000 -0.679561 0.899623 0.899623 0.899623
4615.183594 0.000000 3125.407959 0.000000 0.389362 0.000000 -0.921085 0.997623 0.997623 0.997623
4611.647949 0.000000 3110.474121 0.000000 0.139337 0.000000 0.990245 0.462631 0.462631 0.462631
4610.800781 0.000000 3124.583496 0.000000 0.251986 0.000000 0.967731 0.480538 0.480538 0.480538
4608.438477 0.000000 3107.819824 0.000000 0.048283 0.000000 -0.998834 1.050610 1.050610 1.050610
4611.607910 0.000000 3106.051514 0.000000 0.385038 0.000000 0.922901 0.509969 0.509969 0.509969
4611.790039 0.000000 3121.214355 0.000000 0.392264 0.000000 -0.919852 0.984494 0.984494 0.984494
4613.441406 0.000000 3114.480713 0.000000 0.999441 0.000000 -0.033445 0.756830 0.756830 0.756830
4608.487305 0.000000 3111.425537 0.000000 0.697765 0.000000 0.716327 0.598615 0.598615 0.598615
4607.707520 0.000000 3124.825928 0.000000 0.555196 0.000000 -0.831720 0.937862 0.937862 0.937862
4611.049316 0.000000 3113.204346 0.000000 0.950094 0.000000 -0.311963 0.813354 0.813354 0.813354
4610.545898 0.000000 3118.964600 0.000000 0.568756 0.000000 0.822506 0.557679 0.557679 0.557679
4611.137695 0.000000 3116.050781 0.000000 0.671977 0.000000 -0.740572 0.915591 0.915591 0.915591
4609.727539 0.000000 3122.453857 0.000000 0.291433 0.000000 -0.956591 0.996027 0.996027 0.996027
4607.439453 0.000000 3116.186768 0.000000 0.930975 0.000000 -0.365083 0.809725 0.809725 0.809725
4609.306641 0.000000 3120.523193 0.000000 0.911470 0.000000 -0.411367 0.828707 0.828707 0.828707
4607.622559 0.000000 3113.225586 0.000000 0.584305 0.000000 -0.811534 0.899177 0.899177 0.899177
4607.489258 0.000000 3106.106689 0.000000 0.732982 0.000000 -0.680248 0.884682 0.884682 0.884682
4609.350098 0.000000 3116.652832 0.000000 0.734458 0.000000 -0.678654 0.890576 0.890576 0.890576
4607.489746 0.000000 3119.784424 0.000000 0.412210 0.000000 0.911089 0.571376 0.571376 0.571376
4607.498047 0.000000 3114.670410 0.000000 0.941347 0.000000 0.337441 0.697121 0.697121 0.697121
"}
