object={
	name="tree_persia_generator_1_0"
	clamp_to_water_level=no
	render_under_water=no
	generated_content=yes
	layer="tree_layer"
	pdxmesh="tree_olive_01_mesh"
	count=69
	transform="4585.924805 0.000000 3100.773193 0.000000 0.030701 0.000000 0.999529 0.382330 0.382330 0.382330
4591.546387 0.000000 3102.985107 0.000000 0.927792 0.000000 0.373098 0.658722 0.658722 0.658722
4602.781250 0.000000 3129.262695 0.000000 0.695461 0.000000 0.718564 0.558600 0.558600 0.558600
4590.924805 0.000000 3114.694824 0.000000 0.593031 0.000000 -0.805180 0.973448 0.973448 0.973448
4579.651855 0.000000 3110.474121 0.000000 0.692201 0.000000 -0.721705 0.942481 0.942481 0.942481
4605.184570 0.000000 3103.684082 0.000000 0.372852 0.000000 -0.927891 1.033785 1.033785 1.033785
4598.441895 0.000000 3124.107178 0.000000 0.893964 0.000000 0.448139 0.639065 0.639065 0.639065
4596.405762 0.000000 3118.330078 0.000000 0.079585 0.000000 0.996828 0.394020 0.394020 0.394020
4603.241699 0.000000 3115.526123 0.000000 0.095538 0.000000 -0.995426 1.102157 1.102157 1.102157
4581.907227 0.000000 3130.021240 0.000000 0.945867 0.000000 -0.324555 0.828911 0.828911 0.828911
4582.805176 0.000000 3107.654541 0.000000 0.145777 0.000000 -0.989317 1.090074 1.090074 1.090074
4594.883789 0.000000 3112.583008 0.000000 0.762081 0.000000 -0.647482 0.918133 0.918133 0.918133
4600.323242 0.000000 3118.967529 0.000000 0.580512 0.000000 -0.814251 0.977139 0.977139 0.977139
4597.290039 0.000000 3107.551758 0.000000 0.957807 0.000000 -0.287413 0.819597 0.819597 0.819597
4591.176270 0.000000 3118.935791 0.000000 0.323302 0.000000 -0.946296 1.046405 1.046405 1.046405
4592.776855 0.000000 3126.517578 0.000000 0.766020 0.000000 0.642817 0.583324 0.583324 0.583324
4606.874512 0.000000 3117.869385 0.000000 0.921604 0.000000 0.388132 0.654840 0.654840 0.654840
4601.527832 0.000000 3103.292236 0.000000 0.384904 0.000000 -0.922957 1.030676 1.030676 1.030676
4594.217773 0.000000 3105.123779 0.000000 0.975403 0.000000 -0.220429 0.803059 0.803059 0.803059
4602.030762 0.000000 3123.308105 0.000000 0.246297 0.000000 -0.969194 1.065590 1.065590 1.065590
4595.465820 0.000000 3121.746094 0.000000 0.379845 0.000000 0.925050 0.468017 0.468017 0.468017
4596.126465 0.000000 3126.570068 0.000000 0.907431 0.000000 -0.420201 0.853530 0.853530 0.853530
4594.011719 0.000000 3116.004639 0.000000 0.627535 0.000000 -0.778588 0.963048 0.963048 0.963048
4582.517578 0.000000 3133.175781 0.000000 0.914800 0.000000 0.403907 0.650739 0.650739 0.650739
4601.216309 0.000000 3126.350586 0.000000 0.965596 0.000000 -0.260048 0.812804 0.812804 0.812804
4580.619141 0.000000 3127.088135 0.000000 0.927496 0.000000 -0.373833 0.841467 0.841467 0.841467
4599.511230 0.000000 3116.001221 0.000000 0.630405 0.000000 0.776267 0.537833 0.537833 0.537833
4606.170410 0.000000 3114.803955 0.000000 0.365917 0.000000 -0.930648 1.035567 1.035567 1.035567
4582.344238 0.000000 3111.664795 0.000000 0.021915 0.000000 0.999760 0.380232 0.380232 0.380232
4584.541992 0.000000 3105.189209 0.000000 0.852286 0.000000 -0.523076 0.881412 0.881412 0.881412
4590.538574 0.000000 3107.488525 0.000000 0.591856 0.000000 0.806043 0.526204 0.526204 0.526204
4589.813477 0.000000 3124.784668 0.000000 0.916639 0.000000 -0.399716 0.848168 0.848168 0.848168
4589.455566 0.000000 3121.265869 0.000000 0.627577 0.000000 0.778554 0.536965 0.536965 0.536965
4598.992676 0.000000 3109.945068 0.000000 0.466587 0.000000 -0.884475 1.009112 1.009112 1.009112
4596.755371 0.000000 3115.013672 0.000000 0.407823 0.000000 -0.913061 1.024716 1.024716 1.024716
4599.402344 0.000000 3105.612793 0.000000 0.810043 0.000000 0.586371 0.600417 0.600417 0.600417
4603.191895 0.000000 3105.813232 0.000000 0.102134 0.000000 -0.994771 1.100574 1.100574 1.100574
4595.868164 0.000000 3109.989502 0.000000 0.990107 0.000000 0.140311 0.716392 0.716392 0.716392
4594.476562 0.000000 3124.351318 0.000000 0.089485 0.000000 0.995988 0.396392 0.396392 0.396392
4598.159668 0.000000 3121.363281 0.000000 0.011602 0.000000 0.999933 0.377770 0.377770 0.377770
4593.868652 0.000000 3119.477295 0.000000 0.251905 0.000000 0.967752 0.435793 0.435793 0.435793
4605.391602 0.000000 3109.959229 0.000000 0.989852 0.000000 0.142099 0.715961 0.715961 0.715961
4601.501953 0.000000 3113.504883 0.000000 0.454356 0.000000 0.890820 0.487598 0.487598 0.487598
4584.279785 0.000000 3130.871826 0.000000 0.989930 0.000000 -0.141560 0.783909 0.783909 0.783909
4584.688965 0.000000 3123.429688 0.000000 0.189827 0.000000 0.981818 0.420594 0.420594 0.420594
4590.985352 0.000000 3128.311279 0.000000 0.787600 0.000000 0.616186 0.591508 0.591508 0.591508
4582.958496 0.000000 3127.784424 0.000000 0.413649 0.000000 -0.910437 1.023191 1.023191 1.023191
4585.822754 0.000000 3121.316406 0.000000 0.017701 0.000000 0.999843 0.379226 0.379226 0.379226
4587.430664 0.000000 3110.916260 0.000000 0.559264 0.000000 0.828990 0.516687 0.516687 0.516687
4583.038086 0.000000 3118.890137 0.000000 0.908453 0.000000 -0.417986 0.852948 0.852948 0.852948
4596.649414 0.000000 3105.385986 0.000000 0.719896 0.000000 -0.694082 0.933142 0.933142 0.933142
4604.204102 0.000000 3123.173828 0.000000 0.337397 0.000000 -0.941362 1.042840 1.042840 1.042840
4588.744629 0.000000 3108.634033 0.000000 0.371110 0.000000 0.928589 0.465767 0.465767 0.465767
4591.615234 0.000000 3109.746094 0.000000 0.715359 0.000000 0.698757 0.565303 0.565303 0.565303
4598.469727 0.000000 3117.930908 0.000000 0.980348 0.000000 -0.197274 0.797407 0.797407 0.797407
4585.825195 0.000000 3115.493164 0.000000 0.998464 0.000000 -0.055397 0.763232 0.763232 0.763232
4583.437012 0.000000 3115.043457 0.000000 0.772509 0.000000 -0.635004 0.914251 0.914251 0.914251
4593.880859 0.000000 3110.600342 0.000000 0.972412 0.000000 0.233271 0.693793 0.693793 0.693793
4596.522949 0.000000 3123.574463 0.000000 0.741161 0.000000 -0.671327 0.925707 0.925707 0.925707
4590.189941 0.000000 3112.815674 0.000000 0.955687 0.000000 -0.294384 0.821336 0.821336 0.821336
4581.474609 0.000000 3120.141113 0.000000 0.780862 0.000000 0.624703 0.588915 0.588915 0.588915
4581.964355 0.000000 3116.312988 0.000000 0.073338 0.000000 0.997307 0.392524 0.392524 0.392524
4589.515625 0.000000 3129.492432 0.000000 0.734750 0.000000 -0.678338 0.927975 0.927975 0.927975
4584.279297 0.000000 3111.822266 0.000000 0.946530 0.000000 -0.322616 0.828422 0.828422 0.828422
4582.919434 0.000000 3113.337402 0.000000 0.778468 0.000000 -0.627685 0.911998 0.911998 0.911998
4586.550781 0.000000 3109.121582 0.000000 0.027110 0.000000 -0.999632 1.118527 1.118527 1.118527
4583.095703 0.000000 3122.860596 0.000000 0.936698 0.000000 -0.350139 0.835399 0.835399 0.835399
4608.950684 0.000000 3114.780518 0.000000 0.690027 0.000000 0.723784 0.556801 0.556801 0.556801
4608.226562 0.000000 3118.166016 0.000000 0.644015 0.000000 -0.765013 0.957951 0.957951 0.957951
"}
