object={
	name="tree_olive_generator_1_0"
	clamp_to_water_level=no
	render_under_water=no
	generated_content=yes
	layer="tree_layer"
	pdxmesh="tree_olive_01_mesh"
	count=77
	transform="4594.115723 0.000000 3119.807373 0.000000 0.813467 0.000000 0.581611 0.601817 0.601817 0.601817
4585.845215 0.000000 3104.106689 0.000000 0.967232 0.000000 -0.253896 0.811284 0.811284 0.811284
4598.347656 0.000000 3125.136719 0.000000 0.945548 0.000000 0.325481 0.670855 0.670855 0.670855
4596.252441 0.000000 3111.524902 0.000000 0.451696 0.000000 -0.892172 1.013114 1.013114 1.013114
4598.123535 0.000000 3118.099121 0.000000 0.661096 0.000000 0.750302 0.547431 0.547431 0.547431
4598.570801 0.000000 3103.321533 0.000000 0.032585 0.000000 -0.999469 1.117220 1.117220 1.117220
4590.436523 0.000000 3120.218018 0.000000 0.591026 0.000000 -0.806653 0.974042 0.974042 0.974042
4585.765137 0.000000 3122.845703 0.000000 0.520619 0.000000 0.853789 0.505724 0.505724 0.505724
4591.830566 0.000000 3117.223877 0.000000 0.510806 0.000000 -0.859696 0.997010 0.997010 0.997010
4596.552246 0.000000 3127.583984 0.000000 0.990032 0.000000 -0.140840 0.783735 0.783735 0.783735
4589.320801 0.000000 3117.941162 0.000000 0.599663 0.000000 0.800253 0.528524 0.528524 0.528524
4586.898438 0.000000 3106.393066 0.000000 0.829692 0.000000 0.558222 0.608613 0.608613 0.608613
4597.736816 0.000000 3109.545166 0.000000 0.810945 0.000000 0.585122 0.600785 0.600785 0.600785
4578.478027 0.000000 3115.645508 0.000000 0.062084 0.000000 0.998071 0.389831 0.389831 0.389831
4601.645020 0.000000 3115.372070 0.000000 0.993489 0.000000 -0.113924 0.777257 0.777257 0.777257
4583.191895 0.000000 3109.800781 0.000000 0.737777 0.000000 -0.675044 0.926907 0.926907 0.926907
4591.359375 0.000000 3111.631348 0.000000 0.572849 0.000000 -0.819661 0.979378 0.979378 0.979378
4598.404297 0.000000 3105.587402 0.000000 0.625691 0.000000 -0.780071 0.963613 0.963613 0.963613
4589.288574 0.000000 3129.323730 0.000000 0.714026 0.000000 -0.700120 0.935153 0.935153 0.935153
4585.523926 0.000000 3120.650879 0.000000 0.980301 0.000000 0.197510 0.702536 0.702536 0.702536
4600.785645 0.000000 3112.415039 0.000000 0.980348 0.000000 -0.197274 0.797407 0.797407 0.797407
4590.953613 0.000000 3115.291748 0.000000 0.628081 0.000000 -0.778148 0.962881 0.962881 0.962881
4587.742188 0.000000 3113.428223 0.000000 0.890566 0.000000 -0.454854 0.862731 0.862731 0.862731
4601.512695 0.000000 3108.282959 0.000000 0.901065 0.000000 0.433683 0.642910 0.642910 0.642910
4596.276855 0.000000 3125.582275 0.000000 0.601840 0.000000 -0.798617 0.970826 0.970826 0.970826
4593.693359 0.000000 3117.890381 0.000000 0.709021 0.000000 0.705188 0.563147 0.563147 0.563147
4604.556152 0.000000 3114.614502 0.000000 0.620588 0.000000 0.784137 0.534829 0.534829 0.534829
4593.250000 0.000000 3115.433350 0.000000 0.280823 0.000000 0.959760 0.442956 0.442956 0.442956
4603.262695 0.000000 3116.314453 0.000000 0.467695 0.000000 -0.883890 1.008814 1.008814 1.008814
4592.331055 0.000000 3126.726807 0.000000 0.277742 0.000000 -0.960656 1.057810 1.057810 1.057810
4593.688477 0.000000 3124.428711 0.000000 0.923539 0.000000 -0.383504 0.843962 0.843962 0.843962
4585.093750 0.000000 3124.550293 0.000000 0.084045 0.000000 -0.996462 1.104912 1.104912 1.104912
4582.373047 0.000000 3108.114502 0.000000 0.979700 0.000000 0.200471 0.701815 0.701815 0.701815
4586.739746 0.000000 3129.934570 0.000000 0.897860 0.000000 0.440281 0.641159 0.641159 0.641159
4587.735840 0.000000 3117.272949 0.000000 0.191515 0.000000 0.981490 0.421005 0.421005 0.421005
4595.426758 0.000000 3114.744629 0.000000 0.381242 0.000000 0.924475 0.468378 0.468378 0.468378
4587.026367 0.000000 3115.442871 0.000000 0.996983 0.000000 0.077621 0.731451 0.731451 0.731451
4590.341309 0.000000 3116.725342 0.000000 0.718081 0.000000 0.695959 0.566235 0.566235 0.566235
4585.497070 0.000000 3118.116455 0.000000 0.580340 0.000000 -0.814374 0.977190 0.977190 0.977190
4581.364258 0.000000 3112.912598 0.000000 0.843357 0.000000 0.537354 0.614568 0.614568 0.614568
4589.849121 0.000000 3125.371338 0.000000 0.043848 0.000000 0.999038 0.385471 0.385471 0.385471
4586.150879 0.000000 3107.748535 0.000000 0.995383 0.000000 0.095982 0.727051 0.727051 0.727051
4601.398438 0.000000 3113.859375 0.000000 0.583619 0.000000 -0.812028 0.976227 0.976227 0.976227
4589.149902 0.000000 3127.740723 0.000000 0.910845 0.000000 -0.412748 0.851573 0.851573 0.851573
4594.145020 0.000000 3122.856689 0.000000 0.490897 0.000000 -0.871218 1.002502 1.002502 1.002502
4582.952148 0.000000 3119.925293 0.000000 0.384036 0.000000 0.923318 0.469100 0.469100 0.469100
4587.812988 0.000000 3124.838135 0.000000 0.294021 0.000000 -0.955799 1.053755 1.053755 1.053755
4586.429199 0.000000 3127.043945 0.000000 0.270259 0.000000 0.962788 0.440332 0.440332 0.440332
4580.025391 0.000000 3112.054199 0.000000 0.009335 0.000000 -0.999956 1.122771 1.122771 1.122771
4585.018555 0.000000 3115.713623 0.000000 0.996622 0.000000 0.082125 0.730372 0.730372 0.730372
4601.695801 0.000000 3109.739258 0.000000 0.575750 0.000000 0.817626 0.521467 0.521467 0.521467
4585.211914 0.000000 3126.276611 0.000000 0.270278 0.000000 -0.962782 1.059663 1.059663 1.059663
4587.200195 0.000000 3112.090820 0.000000 0.957248 0.000000 -0.289269 0.820059 0.820059 0.820059
4601.955078 0.000000 3106.900391 0.000000 0.579969 0.000000 0.814639 0.522701 0.522701 0.522701
4594.947266 0.000000 3125.122314 0.000000 0.922898 0.000000 0.385044 0.655640 0.655640 0.655640
4603.024414 0.000000 3114.798828 0.000000 0.949821 0.000000 -0.312795 0.825949 0.825949 0.825949
4582.388672 0.000000 3115.489746 0.000000 0.701727 0.000000 -0.712445 0.939309 0.939309 0.939309
4584.292480 0.000000 3117.422119 0.000000 0.697370 0.000000 -0.716711 0.940765 0.940765 0.940765
4592.587891 0.000000 3125.380127 0.000000 0.563030 0.000000 -0.826436 0.982227 0.982227 0.982227
4593.624512 0.000000 3114.140381 0.000000 0.999989 0.000000 0.004758 0.748864 0.748864 0.748864
4584.895508 0.000000 3111.026123 0.000000 0.451144 0.000000 -0.892451 1.013262 1.013262 1.013262
4600.336914 0.000000 3115.377441 0.000000 0.035841 0.000000 -0.999358 1.116442 1.116442 1.116442
4592.353027 0.000000 3124.128662 0.000000 0.817989 0.000000 0.575234 0.603683 0.603683 0.603683
4592.059570 0.000000 3115.924072 0.000000 0.486614 0.000000 -0.873617 1.003674 1.003674 1.003674
4585.730469 0.000000 3119.383789 0.000000 0.609359 0.000000 0.792894 0.531430 0.531430 0.531430
4583.609863 0.000000 3114.883301 0.000000 0.968922 0.000000 -0.247365 0.809674 0.809674 0.809674
4582.961914 0.000000 3118.513916 0.000000 0.970577 0.000000 -0.240793 0.808056 0.808056 0.808056
4598.128418 0.000000 3106.871338 0.000000 0.285496 0.000000 -0.958380 1.055881 1.055881 1.055881
4582.461426 0.000000 3110.778809 0.000000 0.237057 0.000000 -0.971496 1.067863 1.067863 1.067863
4599.310547 0.000000 3106.499756 0.000000 0.629242 0.000000 0.777209 0.537476 0.537476 0.537476
4586.061523 0.000000 3109.082520 0.000000 0.941218 0.000000 -0.337799 0.832262 0.832262 0.832262
4587.758789 0.000000 3127.132568 0.000000 0.655734 0.000000 0.754992 0.545731 0.545731 0.545731
4599.080566 0.000000 3109.131348 0.000000 0.985710 0.000000 0.168451 0.709593 0.709593 0.709593
4586.980469 0.000000 3110.101807 0.000000 0.141891 0.000000 -0.989882 1.091011 1.091011 1.091011
4583.124512 0.000000 3113.025391 0.000000 0.361856 0.000000 0.932234 0.463393 0.463393 0.463393
4592.226074 0.000000 3114.834229 0.000000 0.668325 0.000000 -0.743869 0.950259 0.950259 0.950259
4607.654785 0.000000 3115.525391 0.000000 0.215265 0.000000 0.976556 0.426796 0.426796 0.426796
"}
