1
3
10
130
32
38
378
185
322
1218
29
25
5536
4
18
11
14
17
15
12
5
6
24
28
26
19
33
40
31
193
7
8
16
9
13
1969
2551
2417
4291
4015
1478
5498
5164
5526
5514
5134
5020
5375
5470
5507
5503
5509
5518
5523
5521
5527
5481
2
5506
5490
5478
5451
5528
5519
3864
3242
2532
1649
1466
1100
382
395
190
309
58
53
55
30
68
134
1048
1355
1734
1815
2465
1831
2847
1523
1263
1389
1351
36
46
275
21
199
77
47
479
423
556
437
363
377
519
907
712
836
263
1468
1459
1301
720
569
557
312
304
107
127
42
27
20
22
3100
3943
4480
4920
5193
5302
3514
5059
2399
4036
5395
4347
5529
5530
5531
4765
4845
4827
4804
5117
5023
5218
5387
5158
5165
4859
4710
5441
5225
4963
2648
2527
2283
2173
1918
2179
2324
1748
1984
2188
2294
2307
1631
1844
2137
1575
1881
1936
4991
4855
5224
5380
5342
5515
5513
5471
5475
5438
5330
5480
5483
5102
5493
5012
5294
5442
5206
751
996
1287
1309
1429
1191
731
771
1576
1393
1479
1570
1382
883
1021
1354
629
634
863
1137
386
346
396
365
808
615
457
499
373
693
439
344
218
1676
1707
1589
1511
1662
1314
1144
805
607
388
565
1806
1626
1334
969
56
168
272
335
330
177
109
131
213
351
341
501
515
361
197
333
342
497
362
4928
2575
2814
3117
3640
4086
2676
3150
3330
3698
3955
4140
4775
2245
2302
703
964
983
1159
696
692
1126
1148
1128
1028
955
920
658
399
358
491
686
938
1274
1356
1243
1656
1546
1453
1810
1737
1600
1558
1222
1129
1185
1227
1530
2007
2681
2580
2288
1725
1401
1344
1729
4892
4580
4326
4194
4520
5066
4817
1792
1922
2773
2866
3069
3134
3902
3799
2442
1652
1543
2162
2378
2369
2078
1805
2954
3153
2929
3580
3689
4749
4082
3748
1949
5510
5455
5179
4443
4395
4870
4975
5270
5479
5285
5191
5373
5383
5354
5313
5267
5253
5163
5114
5091
5047
4903
4869
4615
4442
4009
4837
5535
3193
3790
3017
2082
2128
3836
3539
4409
4450
4843
5532
5533
5534
4204
3855
5019
4564
4171
1687
4158
3839
3482
2941
2812
2644
2256
2319
2280
2350
2313
1978
1693
1477
1560
1473
1366
1310
1330
1322
1449
1583
3588
2983
3012
2568
2550
2535
2486
1655
1469
1404
859
749
734
733
779
847
1003
1152
1210
1090
974
987
732
754
657
622
677
821
512
443
442
140
124
164
118
129
267
334
354
252
215
286
315
370
367