object={
	name="Brown_bear"
	clamp_to_water_level=yes
	render_under_water=yes
	generated_content=no
	layer="monument_layer"
	entity="brown_bear_entity"
	count=13
	transform="3226.799561 0.000000 2373.055420 0.000000 0.000000 0.000000 1.000000 1.000000 1.000000 1.000000
3249.018066 0.000000 2267.074951 0.000000 -0.824213 0.000000 0.566280 0.685840 0.685840 0.685840
3250.739502 0.000000 2265.578125 0.000000 -0.985314 0.000000 0.170755 0.685840 0.685840 0.685840
3249.960693 0.000000 2266.071289 0.000000 -0.956123 0.000000 0.292967 1.000000 1.000000 1.000000
3500.749512 0.000000 2145.775391 0.000000 0.000000 0.000000 1.000000 1.000000 1.000000 1.000000
3086.822266 0.000000 2640.108887 0.000000 0.000000 0.000000 1.000000 1.000000 1.000000 1.000000
3238.004150 0.000000 2405.644775 0.000000 -0.207526 0.000000 0.978230 1.000000 1.000000 1.000000
3117.398926 0.000000 2139.052490 0.000000 -0.337451 0.000000 0.941343 1.000000 1.000000 1.000000
3383.925537 0.000000 2344.264160 0.000000 -0.175599 0.000000 0.984462 1.000000 1.000000 1.000000
3383.008301 0.000000 2337.918701 0.000000 -0.767700 0.000000 0.640809 1.000000 1.000000 1.000000
3271.058350 0.000000 2423.264404 0.000000 -0.235736 0.000000 0.971817 1.000000 1.000000 1.000000
3272.174316 0.000000 2426.931396 0.000000 -0.905388 0.000000 0.424584 1.000000 1.000000 1.000000
3265.654297 0.000000 2371.841309 0.000000 -0.294750 0.000000 0.955574 1.000000 1.000000 1.000000
"}
object={
	name="Camel"
	clamp_to_water_level=yes
	render_under_water=yes
	generated_content=no
	layer="monument_layer"
	entity="camel_entity"
	count=30
	transform="2433.631348 0.000000 1551.049438 0.000000 -0.440629 0.000000 0.897689 1.000000 1.000000 1.000000
2431.668457 0.000000 1550.962524 0.000000 -0.528233 0.000000 0.849099 1.000000 1.000000 1.000000
2382.244873 0.000000 1247.291992 0.000000 -0.681884 0.000000 0.731460 1.000000 1.000000 1.000000
2380.655273 0.000000 1246.435181 0.000000 -0.411114 0.000000 0.911584 1.000000 1.000000 1.000000
2296.612549 0.000000 1205.184937 0.000000 0.712932 0.000000 0.701233 1.000000 1.000000 1.000000
2352.980469 0.000000 1185.363892 0.000000 -0.469890 0.000000 0.882725 1.000000 1.000000 1.000000
2351.570068 0.000000 1185.116943 0.000000 0.112433 0.000000 0.993659 1.000000 1.000000 1.000000
2454.301270 0.000000 1219.979126 0.000000 -0.643153 0.000000 0.765738 1.000000 1.000000 1.000000
2467.895264 0.000000 1226.131104 0.000000 0.375625 0.000000 0.926772 1.000000 1.000000 1.000000
2651.646240 0.000000 1228.666504 0.000000 -0.880610 0.000000 0.473841 1.000000 1.000000 1.000000
2644.192871 0.000000 1239.563965 0.000000 0.548880 0.000000 0.835901 1.000000 1.000000 1.000000
2451.290283 0.000000 1337.073730 0.000000 0.000000 0.000000 1.000000 1.000000 1.000000 1.000000
2362.354736 0.000000 1278.265137 0.000000 -0.792400 0.000000 0.610001 1.000000 1.000000 1.000000
2309.735352 0.000000 1304.931519 0.000000 -0.716752 0.000000 0.697328 1.000000 1.000000 1.000000
2246.032715 0.000000 1767.168823 0.000000 -0.363858 0.000000 0.931455 1.000000 1.000000 1.000000
2237.657227 0.000000 1763.206421 0.000000 0.000000 0.000000 1.000000 1.000000 1.000000 1.000000
2218.770508 0.000000 1715.886230 0.000000 -0.943932 0.000000 0.330140 1.000000 1.000000 1.000000
2223.622803 0.000000 1711.005249 0.000000 0.000000 0.000000 1.000000 1.000000 1.000000 1.000000
2422.149170 0.000000 1779.509277 0.000000 0.000000 0.000000 1.000000 1.000000 1.000000 1.000000
2419.117676 0.000000 1780.914795 0.000000 0.000000 0.000000 1.000000 1.000000 1.000000 1.000000
2432.449463 0.000000 1771.251709 0.000000 0.000000 0.000000 1.000000 1.000000 1.000000 1.000000
2321.809326 0.000000 1864.491943 0.000000 -0.619896 0.000000 0.784684 1.000000 1.000000 1.000000
2320.635498 0.000000 1863.587280 0.000000 0.000000 0.000000 1.000000 1.000000 1.000000 1.000000
2682.068359 0.000000 1206.853638 0.000000 -0.441861 0.000000 0.897084 1.000000 1.000000 1.000000
2682.196045 0.000000 1205.787476 0.000000 -0.441861 0.000000 0.897084 1.000000 1.000000 1.000000
2671.882568 0.000000 1212.640015 0.000000 0.000000 0.000000 1.000000 1.000000 1.000000 1.000000
2570.795410 0.000000 1256.916870 0.000000 0.000000 0.000000 1.000000 1.000000 1.000000 1.000000
2186.689697 0.000000 1734.987427 0.000000 0.000000 0.000000 1.000000 1.000000 1.000000 1.000000
2225.528564 0.000000 1820.974487 0.000000 0.000000 0.000000 1.000000 1.000000 1.000000 1.000000
2223.871094 0.000000 1809.220581 0.000000 -0.801798 0.000000 0.597595 1.000000 1.000000 1.000000
"}
object={
	name="Crocodile"
	clamp_to_water_level=yes
	render_under_water=yes
	generated_content=no
	layer="monument_layer"
	entity="crocodile_entity"
	count=25
	transform="2344.543945 0.000000 1835.016602 0.000000 -0.994295 0.000000 0.106665 0.261405 0.261405 0.261405
2434.796387 0.000000 1652.180542 0.000000 0.956571 0.000000 -0.291499 0.211452 0.211452 0.211452
2374.236572 0.000000 1649.860229 0.000000 0.230284 0.000000 -0.973123 0.211452 0.211452 0.211452
2410.199951 0.000000 1626.107422 0.000000 -0.193076 0.000000 -0.981184 0.211452 0.211452 0.211452
2436.615479 0.000000 1594.665771 0.000000 0.153806 0.000000 0.988101 0.211452 0.211452 0.211452
2411.582275 0.000000 1535.380615 0.000000 0.153806 0.000000 0.988101 0.211452 0.211452 0.211452
2425.539062 0.000000 1507.436279 0.000000 -0.983544 0.000000 0.180669 0.213258 0.213258 0.213258
2410.955322 0.000000 1528.010742 0.000000 -0.457941 0.000000 0.888983 0.227065 0.227065 0.227065
1706.084717 0.000000 1560.993652 0.000000 -0.902333 0.000000 0.431039 0.301872 0.301872 0.301872
1728.418457 0.000000 1541.087891 0.000000 -0.178947 0.000000 0.983859 0.301872 0.301872 0.301872
1704.569214 0.000000 1470.437744 0.000000 -0.823408 0.000000 0.567449 0.301872 0.301872 0.301872
1692.057129 0.000000 1507.932617 0.000000 -0.823408 0.000000 0.567449 0.301872 0.301872 0.301872
1648.248535 0.000000 1506.238403 0.000000 -0.617966 0.000000 0.786205 0.301872 0.301872 0.301872
1676.172607 0.000000 1668.244873 0.000000 -0.837057 0.000000 0.547115 0.301872 0.301872 0.301872
1656.185181 0.000000 1594.160278 0.000000 -0.160617 0.000000 0.987017 0.301872 0.301872 0.301872
1683.463623 0.000000 1450.839722 0.000000 -0.160617 0.000000 0.987017 0.301872 0.301872 0.301872
1686.320557 0.000000 1502.859741 0.000000 -0.160617 0.000000 0.987017 0.301872 0.301872 0.301872
2342.086670 0.000000 1814.418213 0.000000 -0.457941 0.000000 0.888983 0.301872 0.301872 0.301872
2598.921631 0.000000 1500.370605 0.000000 -0.986156 0.000000 0.165822 0.330478 0.330478 0.330478
2442.191650 0.000000 1685.340210 0.000000 0.000000 0.000000 1.000000 0.307515 0.307515 0.307515
2440.864014 0.000000 1770.422363 0.000000 0.000000 0.000000 1.000000 0.330478 0.330478 0.330478
2347.482422 0.000000 1875.282104 0.000000 -0.086440 0.000000 0.996257 0.134285 0.134285 0.134285
2231.042969 0.000000 1831.078857 0.000000 0.271453 0.000000 0.962452 0.206052 0.206052 0.206052
2268.591064 0.000000 1811.078735 0.000000 0.000000 0.000000 1.000000 0.236510 0.236510 0.236510
2307.937500 0.000000 1826.265381 0.000000 0.000000 0.000000 1.000000 0.297228 0.297228 0.297228
"}
object={
	name="Eagle"
	clamp_to_water_level=yes
	render_under_water=yes
	generated_content=no
	layer="monument_layer"
	entity="eagle_entity"
	count=37
	transform="1810.073608 2.505859 1280.412354 0.000000 0.000000 0.000000 1.000000 1.000000 1.000000 1.000000
1836.535278 7.155396 1280.574341 0.000000 0.000000 0.000000 1.000000 1.000000 1.000000 1.000000
1865.360962 6.469727 1307.663452 0.000000 0.000000 0.000000 1.000000 1.000000 1.000000 1.000000
2947.540283 9.247192 1599.957886 0.000000 0.000000 0.000000 1.000000 1.000000 1.000000 1.000000
2949.984375 8.015259 1597.335815 0.000000 0.000000 0.000000 1.000000 1.000000 1.000000 1.000000
2920.985107 9.370483 1207.290771 0.000000 0.000000 0.000000 1.000000 1.000000 1.000000 1.000000
2791.714111 3.729004 1241.178223 0.000000 -0.992061 0.000000 0.125760 1.000000 1.000000 1.000000
2810.584717 10.033081 1287.662354 0.000000 0.000000 0.000000 1.000000 1.000000 1.000000 1.000000
2774.007568 3.727783 1957.055420 0.000000 0.000000 0.000000 1.000000 1.000000 1.000000 1.000000
2703.739746 4.623291 1958.368042 0.000000 0.000000 0.000000 1.000000 1.000000 1.000000 1.000000
2664.603516 4.933105 1857.067627 0.000000 0.000000 0.000000 1.000000 1.000000 1.000000 1.000000
2674.459473 7.455688 1756.493896 0.000000 -0.807847 0.000000 0.589392 1.000000 1.000000 1.000000
2725.820801 3.750854 1728.905029 0.000000 -0.789262 0.000000 0.614056 1.000000 1.000000 1.000000
2748.721924 17.709229 1587.051270 0.000000 0.000000 0.000000 1.000000 1.000000 1.000000 1.000000
3033.456055 8.080688 1531.618530 0.000000 0.000000 0.000000 1.000000 1.000000 1.000000 1.000000
2956.405273 5.932617 1491.794067 0.000000 0.000000 0.000000 1.000000 1.000000 1.000000 1.000000
2907.226074 9.934692 1365.977783 0.000000 0.000000 0.000000 1.000000 1.000000 1.000000 1.000000
2943.233154 7.325439 1403.500488 0.000000 0.000000 0.000000 1.000000 1.000000 1.000000 1.000000
2093.676270 5.539551 1499.714966 0.000000 0.000000 0.000000 1.000000 1.000000 1.000000 1.000000
2989.933105 5.535400 2010.004272 0.000000 0.000000 0.000000 1.000000 1.000000 1.000000 1.000000
3023.661377 2.842285 2166.750244 0.000000 -0.938406 0.000000 0.345535 1.000000 1.000000 1.000000
3267.979980 7.151367 2141.231934 0.000000 0.000000 0.000000 1.000000 1.000000 1.000000 1.000000
3240.491699 11.359863 2310.290527 0.000000 0.000000 0.000000 1.000000 1.000000 1.000000 1.000000
2502.728271 2.774658 1911.793579 0.000000 -0.704037 0.000000 0.710163 1.000000 1.000000 1.000000
2467.240479 8.167603 1934.379883 0.000000 0.000000 0.000000 1.000000 1.000000 1.000000 1.000000
2807.392090 6.203369 2076.838135 0.000000 -0.799910 0.000000 -0.600120 1.000000 1.000000 1.000000
2778.875732 9.951050 2031.093750 0.000000 0.000000 0.000000 1.000000 1.000000 1.000000 1.000000
2294.325928 6.738892 1818.343140 0.000000 0.000000 0.000000 1.000000 1.000000 1.000000 1.000000
2230.022217 4.176514 1790.863037 0.000000 0.000000 0.000000 1.000000 1.000000 1.000000 1.000000
2345.383301 6.030518 1893.426880 0.000000 0.074272 0.000000 0.997238 1.000000 1.000000 1.000000
2321.319336 2.839722 1891.302490 0.000000 -0.984355 0.000000 0.176195 1.000000 1.000000 1.000000
2327.665527 7.133789 1865.582886 0.000000 -0.844846 0.000000 -0.535009 1.000000 1.000000 1.000000
2277.400879 11.143433 1865.903320 0.000000 -0.999926 0.000000 0.012202 1.000000 1.000000 1.000000
2240.462158 7.135498 1842.977173 0.000000 0.000000 0.000000 1.000000 1.000000 1.000000 1.000000
2005.702637 2.821777 1426.779175 0.000000 0.000000 0.000000 1.000000 1.000000 1.000000 1.000000
1954.395508 8.797729 1385.900635 0.000000 0.000000 0.000000 1.000000 1.000000 1.000000 1.000000
2016.629761 12.685669 1367.191162 0.000000 0.000000 0.000000 1.000000 1.000000 1.000000 1.000000
"}
object={
	name="Morrigon_dragon"
	clamp_to_water_level=yes
	render_under_water=yes
	generated_content=no
	layer="monument_layer"
	entity="dragon_01_entity"
	count=5
	transform="1520.307739 0.000000 1353.219849 0.000000 -0.997887 0.000000 0.064967 0.385654 0.385654 0.385654
1361.517578 0.000000 1764.658081 0.000000 0.996693 0.000000 -0.081259 0.174208 0.174208 0.174208
1321.191528 0.000000 1651.293213 0.000000 0.683490 0.000000 0.729960 0.385654 0.385654 0.385654
1579.289429 0.000000 1629.554810 0.000000 0.683490 0.000000 0.729960 0.385654 0.385654 0.385654
1387.253540 0.000000 1352.885498 0.000000 0.000000 0.000000 1.000000 0.385654 0.385654 0.385654
"}
object={
	name="Polar_bear"
	clamp_to_water_level=yes
	render_under_water=yes
	generated_content=no
	layer="monument_layer"
	entity="polar_bear_entity"
	count=12
	transform="2787.665771 0.000000 3444.842529 0.000000 0.000000 0.000000 1.000000 1.000000 1.000000 1.000000
2760.591797 0.000000 3452.921631 0.000000 -0.216563 0.000000 0.976269 1.000000 1.000000 1.000000
2840.770752 0.000000 3281.767822 0.000000 -0.525614 0.000000 0.850723 1.000000 1.000000 1.000000
2824.662842 0.000000 3281.393066 0.000000 0.303225 0.000000 0.952919 1.000000 1.000000 1.000000
2645.074951 0.000000 3866.106689 0.000000 -0.881246 0.000000 0.472659 1.000000 1.000000 1.000000
2649.046875 0.000000 3866.484619 0.000000 0.000000 0.000000 1.000000 1.000000 1.000000 1.000000
2801.744629 0.000000 3663.720459 0.000000 -0.686491 0.000000 0.727138 1.000000 1.000000 1.000000
2801.619873 0.000000 3665.806641 0.000000 -0.355543 0.000000 0.934660 1.000000 1.000000 1.000000
2796.764160 0.000000 3555.151855 0.000000 0.000000 0.000000 1.000000 1.000000 1.000000 1.000000
3028.694336 0.000000 3481.495361 0.000000 -0.191318 0.000000 0.981528 1.000000 1.000000 1.000000
3216.405762 0.000000 3414.691650 0.000000 0.000000 0.000000 1.000000 1.000000 1.000000 1.000000
3219.138428 0.000000 3418.778809 0.000000 0.000000 0.000000 1.000000 1.000000 1.000000 1.000000
"}
object={
	name="seagulls"
	clamp_to_water_level=yes
	render_under_water=no
	generated_content=no
	layer="monument_layer"
	entity="seagull_port_entity"
	count=20
	transform="2778.870361 0.000000 1943.871948 0.000000 0.000000 0.000000 1.000000 1.000000 1.000000 1.000000
2679.768311 0.000000 2005.704834 0.000000 0.000000 0.000000 1.000000 1.000000 1.000000 1.000000
2930.002441 0.000000 1904.438965 0.000000 0.000000 0.000000 1.000000 1.000000 1.000000 1.000000
3297.940674 0.000000 3120.320801 0.000000 0.000000 0.000000 1.000000 1.000000 1.000000 1.000000
3311.489258 0.000000 3118.758057 0.000000 0.000000 0.000000 1.000000 1.000000 1.000000 1.000000
3012.817139 0.000000 3133.073730 0.000000 0.000000 0.000000 1.000000 1.000000 1.000000 1.000000
1821.391968 0.000000 1297.777710 0.000000 0.000000 0.000000 1.000000 1.000000 1.000000 1.000000
1804.425781 0.000000 1290.658203 0.000000 0.000000 0.000000 1.000000 1.000000 1.000000 1.000000
2874.504883 0.000000 1899.397827 0.000000 0.000000 0.000000 1.000000 1.000000 1.000000 1.000000
2966.650391 0.000000 1974.281372 0.000000 0.000000 0.000000 1.000000 1.000000 1.000000 1.000000
3034.799316 0.000000 1981.347900 0.000000 0.000000 0.000000 1.000000 1.000000 1.000000 1.000000
2886.225830 0.000000 2154.554932 0.000000 0.000000 0.000000 1.000000 1.000000 1.000000 1.000000
2321.411621 0.000000 1906.224243 0.000000 0.000000 0.000000 1.000000 1.000000 1.000000 1.000000
2736.079590 0.000000 1867.915161 0.000000 0.000000 0.000000 1.000000 1.000000 1.000000 1.000000
2895.339111 0.000000 2026.454712 0.000000 0.000000 0.000000 1.000000 1.000000 1.000000 1.000000
2972.691650 0.000000 2002.063477 0.000000 0.000000 0.000000 1.000000 1.000000 1.000000 1.000000
2899.104248 0.000000 1901.046265 0.000000 0.000000 0.000000 1.000000 1.000000 1.000000 1.000000
2810.839111 0.000000 2061.945312 0.000000 0.000000 0.000000 1.000000 1.000000 1.000000 1.000000
2762.410400 0.000000 2031.992432 0.000000 0.000000 0.000000 1.000000 1.000000 1.000000 1.000000
2809.416504 0.000000 1988.702393 0.000000 0.000000 0.000000 1.000000 1.000000 1.000000 1.000000
"}
object={
	name="Seals"
	clamp_to_water_level=yes
	render_under_water=yes
	generated_content=no
	layer="monument_layer"
	entity="seal_entity"
	count=12
	transform="3009.534912 -0.269531 3135.559570 0.000000 0.706633 0.000000 0.707580 0.144839 0.144839 0.144839
3303.393066 -0.277832 3118.575684 0.000000 0.000000 0.000000 1.000000 0.144839 0.144839 0.144839
3302.559570 -0.277832 3118.414551 0.000000 0.000000 0.000000 1.000000 0.144839 0.144839 0.144839
3014.811523 0.000000 3128.729736 0.000000 0.000000 0.000000 1.000000 0.144839 0.144839 0.144839
2990.391846 0.000000 3154.722412 0.000000 0.362066 0.000000 0.932152 0.101891 0.101891 0.101891
2799.339355 0.000000 2788.024902 0.000000 0.362066 0.000000 0.932152 0.101891 0.101891 0.101891
3147.065674 0.000000 2468.254150 0.000000 0.362066 0.000000 0.932152 0.101891 0.101891 0.101891
2858.831055 0.000000 2084.037598 0.000000 0.624363 0.000000 0.781134 0.101891 0.101891 0.101891
3132.630615 -0.268677 2477.640625 0.000000 0.406657 0.000000 0.913580 0.147772 0.147772 0.147772
2891.002197 -0.268677 2155.159424 0.000000 0.887892 0.000000 0.460052 0.147772 0.147772 0.147772
2757.855469 -0.268677 2018.356079 0.000000 0.336244 0.000000 0.941775 0.147772 0.147772 0.147772
2757.485840 0.000000 2019.633179 0.000000 0.624363 0.000000 0.781134 0.147772 0.147772 0.147772
"}
object={
	name="whales"
	clamp_to_water_level=yes
	render_under_water=yes
	generated_content=no
	layer="monument_layer"
	entity="whale_entity"
	count=21
	transform="3317.901367 0.000000 3085.585938 0.000000 -0.977367 0.000000 0.211550 1.000000 1.000000 1.000000
3020.431641 0.000000 3080.388184 0.000000 -0.674702 0.000000 -0.738090 1.000000 1.000000 1.000000
2720.339111 0.000000 2071.757568 0.000000 0.016915 0.000000 -0.999857 1.000000 1.000000 1.000000
2802.029297 0.000000 1890.421875 0.000000 0.000000 0.000000 1.000000 1.000000 1.000000 1.000000
2857.756348 0.000000 1970.658569 0.000000 -0.840530 0.000000 0.541765 1.000000 1.000000 1.000000
2881.275146 0.000000 1973.329102 0.000000 0.000000 0.000000 1.000000 1.000000 1.000000 1.000000
2845.571533 0.000000 3902.174805 0.000000 0.985390 0.000000 -0.170313 1.000000 1.000000 1.000000
2601.442627 0.000000 3553.913574 0.000000 0.000000 0.000000 1.000000 1.000000 1.000000 1.000000
2566.699707 0.000000 3714.065430 0.000000 0.991349 0.000000 0.131256 1.000000 1.000000 1.000000
2581.829834 0.000000 3839.914795 0.000000 0.000000 0.000000 1.000000 1.000000 1.000000 1.000000
3369.530518 0.000000 3506.464355 0.000000 0.000000 0.000000 1.000000 1.000000 1.000000 1.000000
3304.845703 0.000000 3619.781738 0.000000 0.966216 0.000000 0.257734 1.000000 1.000000 1.000000
3396.442139 0.000000 3477.305908 0.000000 0.000000 0.000000 1.000000 1.000000 1.000000 1.000000
3176.389893 0.000000 3076.432861 0.000000 0.000000 0.000000 1.000000 1.000000 1.000000 1.000000
3689.377930 0.000000 706.667725 0.000000 0.000000 0.000000 1.000000 1.000000 1.000000 1.000000
2967.827148 0.000000 3106.294434 0.000000 0.000000 0.000000 1.000000 1.000000 1.000000 1.000000
2960.871338 0.000000 3109.313232 0.000000 0.000000 0.000000 1.000000 1.000000 1.000000 1.000000
3154.653564 0.000000 3748.384766 0.000000 -0.546812 0.000000 0.837255 1.000000 1.000000 1.000000
3154.041016 0.000000 3748.256348 0.000000 0.211188 -0.000000 -0.977446 1.000000 1.000000 1.000000
2650.238525 0.000000 2081.010010 0.000000 0.000000 0.000000 1.000000 1.000000 1.000000 1.000000
2641.559326 0.000000 2076.343262 0.000000 0.000000 0.000000 1.000000 1.000000 1.000000 1.000000
"}
