object={
	name="amb_2D_base_wind_emitter"
	clamp_to_water_level=no
	render_under_water=no
	generated_content=no
	layer="Audio_layer"
	entity="map_ambient_2D_base_wind"
	count=14
	transform="2810.721436 0.000000 2826.046631 0.000000 0.000000 0.000000 1.000000 1.000000 1.000000 1.000000
2825.738525 0.000000 2825.672119 0.000000 0.000000 0.000000 1.000000 1.000000 1.000000 1.000000
2870.583496 0.000000 2792.829102 0.000000 0.000000 0.000000 1.000000 1.000000 1.000000 1.000000
2998.101074 0.000000 2764.418945 0.000000 0.000000 0.000000 1.000000 1.000000 1.000000 1.000000
3044.818848 0.000000 2628.803467 0.000000 0.000000 0.000000 1.000000 1.000000 1.000000 1.000000
3025.044189 0.000000 2566.731934 0.000000 0.000000 0.000000 1.000000 1.000000 1.000000 1.000000
3102.294922 0.000000 2527.268555 0.000000 0.000000 0.000000 1.000000 1.000000 1.000000 1.000000
3152.459473 0.000000 2558.000732 0.000000 0.000000 0.000000 1.000000 1.000000 1.000000 1.000000
3243.516357 0.000000 2545.411133 0.000000 0.000000 0.000000 1.000000 1.000000 1.000000 1.000000
3339.217773 0.000000 2538.025391 0.000000 0.000000 0.000000 1.000000 1.000000 1.000000 1.000000
3306.550049 0.000000 2542.048828 0.000000 0.000000 0.000000 1.000000 1.000000 1.000000 1.000000
2823.975098 0.000000 1532.707031 0.000000 0.000000 0.000000 1.000000 1.000000 1.000000 1.000000
1952.008179 0.000000 1492.306885 0.000000 0.000000 0.000000 1.000000 1.000000 1.000000 1.000000
2806.147705 0.000000 2037.344482 0.000000 0.000000 0.000000 1.000000 1.000000 1.000000 1.000000
"}
object={
	name="amb_3D_desert_emitter"
	clamp_to_water_level=no
	render_under_water=no
	generated_content=no
	layer="Audio_layer"
	entity="map_ambient_3D_desert"
	count=36
	transform="2129.765381 0.000000 1450.034058 0.000000 0.000000 0.000000 1.000000 1.000000 1.000000 1.000000
2160.345947 0.000000 1422.684814 0.000000 0.000000 0.000000 1.000000 1.000000 1.000000 1.000000
2117.648193 0.000000 1592.149536 0.000000 0.000000 0.000000 1.000000 1.000000 1.000000 1.000000
2197.704590 0.000000 1678.262573 0.000000 0.000000 0.000000 1.000000 1.000000 1.000000 1.000000
2233.601563 0.000000 1740.803589 0.000000 0.000000 0.000000 1.000000 1.000000 1.000000 1.000000
2262.733643 0.000000 1704.518066 0.000000 0.000000 0.000000 1.000000 1.000000 1.000000 1.000000
2322.609131 0.000000 1711.109985 0.000000 0.000000 0.000000 1.000000 1.000000 1.000000 1.000000
2385.376465 0.000000 1723.774780 0.000000 0.000000 0.000000 1.000000 1.000000 1.000000 1.000000
2394.513672 0.000000 1759.533569 0.000000 0.000000 0.000000 1.000000 1.000000 1.000000 1.000000
2387.656006 0.000000 1683.214355 0.000000 0.000000 0.000000 1.000000 1.000000 1.000000 1.000000
2332.855713 0.000000 1658.711792 0.000000 0.000000 0.000000 1.000000 1.000000 1.000000 1.000000
2345.901611 0.000000 1595.828979 0.000000 0.000000 0.000000 1.000000 1.000000 1.000000 1.000000
2297.718994 0.000000 1524.995972 0.000000 0.000000 0.000000 1.000000 1.000000 1.000000 1.000000
2309.576416 0.000000 1549.707764 0.000000 0.000000 0.000000 1.000000 1.000000 1.000000 1.000000
2482.670410 0.000000 1602.689941 0.000000 0.000000 0.000000 1.000000 1.000000 1.000000 1.000000
2458.159668 0.000000 1614.673340 0.000000 0.000000 0.000000 1.000000 1.000000 1.000000 1.000000
2462.182861 0.000000 1597.727173 0.000000 0.000000 0.000000 1.000000 1.000000 1.000000 1.000000
2426.790039 0.000000 1633.583374 0.000000 0.000000 0.000000 1.000000 1.000000 1.000000 1.000000
2342.673340 0.000000 1224.578003 0.000000 0.000000 0.000000 1.000000 1.000000 1.000000 1.000000
2331.739258 0.000000 1296.571289 0.000000 0.000000 0.000000 1.000000 1.000000 1.000000 1.000000
2342.973145 0.000000 1248.584106 0.000000 0.000000 0.000000 1.000000 1.000000 1.000000 1.000000
2277.701416 0.000000 1299.830566 0.000000 0.000000 0.000000 1.000000 1.000000 1.000000 1.000000
2255.412598 0.000000 1347.373291 0.000000 0.000000 0.000000 1.000000 1.000000 1.000000 1.000000
2566.864258 0.000000 1266.639282 0.000000 0.000000 0.000000 1.000000 1.000000 1.000000 1.000000
2425.873779 0.000000 1229.198608 0.000000 0.000000 0.000000 1.000000 1.000000 1.000000 1.000000
2323.895264 0.000000 1271.303467 0.000000 0.000000 0.000000 1.000000 1.000000 1.000000 1.000000
2368.281982 0.000000 1272.533325 0.000000 0.000000 0.000000 1.000000 1.000000 1.000000 1.000000
2482.241211 0.000000 1291.258423 0.000000 0.000000 0.000000 1.000000 1.000000 1.000000 1.000000
2327.359131 0.000000 1349.095093 0.000000 0.000000 0.000000 1.000000 1.000000 1.000000 1.000000
2388.227539 0.000000 1358.635620 0.000000 0.000000 0.000000 1.000000 1.000000 1.000000 1.000000
2474.046143 0.000000 1558.931519 0.000000 0.000000 0.000000 1.000000 1.000000 1.000000 1.000000
2499.602783 0.000000 1535.322388 0.000000 0.000000 0.000000 1.000000 1.000000 1.000000 1.000000
2527.976074 0.000000 1550.472656 0.000000 0.000000 0.000000 1.000000 1.000000 1.000000 1.000000
2563.780762 0.000000 1479.541870 0.000000 0.000000 0.000000 1.000000 1.000000 1.000000 1.000000
2505.776855 0.000000 1751.278809 0.000000 0.000000 0.000000 1.000000 1.000000 1.000000 1.000000
2565.813477 0.000000 1691.334595 0.000000 0.000000 0.000000 1.000000 1.000000 1.000000 1.000000
"}
object={
	name="amb_3D_field_emitter"
	clamp_to_water_level=no
	render_under_water=no
	generated_content=no
	layer="Audio_layer"
	entity="map_ambient_3D_field"
	count=19
	transform="2691.487305 0.000000 1607.562866 0.000000 0.000000 0.000000 1.000000 1.000000 1.000000 1.000000
2850.101563 0.000000 1746.075928 0.000000 0.000000 0.000000 1.000000 1.000000 1.000000 1.000000
2934.837891 0.000000 1700.151367 0.000000 0.000000 0.000000 1.000000 1.000000 1.000000 1.000000
2944.413330 0.000000 1722.466675 0.000000 0.000000 0.000000 1.000000 1.000000 1.000000 1.000000
2420.075195 0.000000 1862.293091 0.000000 0.000000 0.000000 1.000000 1.000000 1.000000 1.000000
2353.374023 0.000000 1863.045776 0.000000 0.000000 0.000000 1.000000 1.000000 1.000000 1.000000
2336.610840 0.000000 1869.421875 0.000000 0.000000 0.000000 1.000000 1.000000 1.000000 1.000000
2310.753418 0.000000 1864.190063 0.000000 0.000000 0.000000 1.000000 1.000000 1.000000 1.000000
1837.500000 0.000000 1269.895020 0.000000 0.000000 0.000000 1.000000 1.000000 1.000000 1.000000
1849.550415 0.000000 1278.481445 0.000000 0.000000 0.000000 1.000000 1.000000 1.000000 1.000000
1900.091064 0.000000 1282.083862 0.000000 0.000000 0.000000 1.000000 1.000000 1.000000 1.000000
2182.274414 0.000000 1261.453491 0.000000 0.000000 0.000000 1.000000 1.000000 1.000000 1.000000
2241.156006 0.000000 1220.760010 0.000000 0.000000 0.000000 1.000000 1.000000 1.000000 1.000000
2190.487061 0.000000 1231.385986 0.000000 0.000000 0.000000 1.000000 1.000000 1.000000 1.000000
2331.372803 0.000000 1857.452515 0.000000 0.000000 0.000000 1.000000 1.000000 1.000000 1.000000
2334.145020 0.000000 1895.606689 0.000000 0.000000 0.000000 1.000000 1.000000 1.000000 1.000000
2302.248535 0.000000 1880.073608 0.000000 0.000000 0.000000 1.000000 1.000000 1.000000 1.000000
2283.926514 0.000000 1866.301880 0.000000 0.000000 0.000000 1.000000 1.000000 1.000000 1.000000
2969.301270 0.000000 1561.668335 0.000000 0.000000 0.000000 1.000000 1.000000 1.000000 1.000000
"}
object={
	name="amb_3D_forest_emitter"
	clamp_to_water_level=no
	render_under_water=no
	generated_content=no
	layer="Audio_layer"
	entity="map_ambient_3D_forest"
	count=129
	transform="1932.345947 0.000000 1288.286743 0.000000 0.000000 0.000000 1.000000 1.000000 1.000000 1.000000
1936.774414 0.000000 1318.842529 0.000000 0.000000 0.000000 1.000000 1.000000 1.000000 1.000000
1966.444824 0.000000 1263.323975 0.000000 0.000000 0.000000 1.000000 1.000000 1.000000 1.000000
1939.413818 0.000000 1272.616211 0.000000 0.000000 0.000000 1.000000 1.000000 1.000000 1.000000
2047.935547 0.000000 1269.317627 0.000000 0.000000 0.000000 1.000000 1.000000 1.000000 1.000000
2013.143311 0.000000 1277.389160 0.000000 0.000000 0.000000 1.000000 1.000000 1.000000 1.000000
2089.413086 0.000000 1250.165527 0.000000 0.000000 0.000000 1.000000 1.000000 1.000000 1.000000
2150.168701 0.000000 1254.500488 0.000000 0.000000 0.000000 1.000000 1.000000 1.000000 1.000000
2134.894287 0.000000 1289.473145 0.000000 0.000000 0.000000 1.000000 1.000000 1.000000 1.000000
2183.157227 0.000000 1256.899658 0.000000 0.000000 0.000000 1.000000 1.000000 1.000000 1.000000
3209.972900 0.000000 2309.315918 0.000000 0.000000 0.000000 1.000000 1.000000 1.000000 1.000000
3222.493164 0.000000 2353.713135 0.000000 0.000000 0.000000 1.000000 1.000000 1.000000 1.000000
3236.950195 0.000000 2343.707520 0.000000 0.000000 0.000000 1.000000 1.000000 1.000000 1.000000
3261.778564 0.000000 2382.117676 0.000000 0.000000 0.000000 1.000000 1.000000 1.000000 1.000000
3223.448242 0.000000 2422.420898 0.000000 0.000000 0.000000 1.000000 1.000000 1.000000 1.000000
3218.000000 0.000000 2461.941162 0.000000 0.000000 0.000000 1.000000 1.000000 1.000000 1.000000
3229.574219 0.000000 2473.089355 0.000000 0.000000 0.000000 1.000000 1.000000 1.000000 1.000000
3235.786621 0.000000 2446.498535 0.000000 0.000000 0.000000 1.000000 1.000000 1.000000 1.000000
3254.296631 0.000000 2424.935303 0.000000 0.000000 0.000000 1.000000 1.000000 1.000000 1.000000
3024.149658 0.000000 2555.494141 0.000000 0.000000 0.000000 1.000000 1.000000 1.000000 1.000000
3007.687256 0.000000 2656.883545 0.000000 0.000000 0.000000 1.000000 1.000000 1.000000 1.000000
3001.106689 0.000000 2772.381348 0.000000 0.000000 0.000000 1.000000 1.000000 1.000000 1.000000
3002.149414 0.000000 2739.409912 0.000000 0.000000 0.000000 1.000000 1.000000 1.000000 1.000000
2828.073486 0.000000 2791.907227 0.000000 0.000000 0.000000 1.000000 1.000000 1.000000 1.000000
2888.682861 0.000000 2779.640381 0.000000 0.000000 0.000000 1.000000 1.000000 1.000000 1.000000
3036.974365 0.000000 1763.711182 0.000000 0.000000 0.000000 1.000000 1.000000 1.000000 1.000000
2999.301514 0.000000 1788.292969 0.000000 0.000000 0.000000 1.000000 1.000000 1.000000 1.000000
2987.920410 0.000000 1753.743042 0.000000 0.000000 0.000000 1.000000 1.000000 1.000000 1.000000
2965.408936 0.000000 1759.583496 0.000000 0.000000 0.000000 1.000000 1.000000 1.000000 1.000000
2851.802734 0.000000 1636.165283 0.000000 0.000000 0.000000 1.000000 1.000000 1.000000 1.000000
2933.589600 0.000000 1653.730835 0.000000 0.000000 0.000000 1.000000 1.000000 1.000000 1.000000
2914.483398 0.000000 1682.409180 0.000000 0.000000 0.000000 1.000000 1.000000 1.000000 1.000000
2904.469238 0.000000 1728.074219 0.000000 0.000000 0.000000 1.000000 1.000000 1.000000 1.000000
2858.235107 0.000000 1729.512451 0.000000 0.000000 0.000000 1.000000 1.000000 1.000000 1.000000
2843.145752 0.000000 1683.554688 0.000000 0.000000 0.000000 1.000000 1.000000 1.000000 1.000000
2773.173828 0.000000 1681.699829 0.000000 0.000000 0.000000 1.000000 1.000000 1.000000 1.000000
2761.942383 0.000000 1723.267456 0.000000 0.000000 0.000000 1.000000 1.000000 1.000000 1.000000
2722.222656 0.000000 1702.983765 0.000000 0.000000 0.000000 1.000000 1.000000 1.000000 1.000000
2700.520020 0.000000 1723.924927 0.000000 0.000000 0.000000 1.000000 1.000000 1.000000 1.000000
2734.513428 0.000000 1753.339355 0.000000 0.000000 0.000000 1.000000 1.000000 1.000000 1.000000
2720.161865 0.000000 1785.122559 0.000000 0.000000 0.000000 1.000000 1.000000 1.000000 1.000000
2702.890381 0.000000 1813.343262 0.000000 0.000000 0.000000 1.000000 1.000000 1.000000 1.000000
2639.757568 0.000000 1816.409424 0.000000 0.000000 0.000000 1.000000 1.000000 1.000000 1.000000
2667.713623 0.000000 1763.050293 0.000000 0.000000 0.000000 1.000000 1.000000 1.000000 1.000000
2652.182617 0.000000 1788.410889 0.000000 0.000000 0.000000 1.000000 1.000000 1.000000 1.000000
2629.415039 0.000000 1919.552002 0.000000 0.000000 0.000000 1.000000 1.000000 1.000000 1.000000
2600.107422 0.000000 1894.369873 0.000000 0.000000 0.000000 1.000000 1.000000 1.000000 1.000000
1939.675171 0.000000 1413.975586 0.000000 0.000000 0.000000 1.000000 1.000000 1.000000 1.000000
1985.084229 0.000000 1531.328491 0.000000 0.000000 0.000000 1.000000 1.000000 1.000000 1.000000
2092.451416 0.000000 1523.587158 0.000000 0.000000 0.000000 1.000000 1.000000 1.000000 1.000000
1067.313965 0.000000 1585.315796 0.000000 0.000000 0.000000 1.000000 1.000000 1.000000 1.000000
1033.009766 0.000000 1581.112793 0.000000 0.000000 0.000000 1.000000 1.000000 1.000000 1.000000
1049.134033 0.000000 1510.886719 0.000000 0.000000 0.000000 1.000000 1.000000 1.000000 1.000000
1065.918945 0.000000 1574.758789 0.000000 0.000000 0.000000 1.000000 1.000000 1.000000 1.000000
1126.440063 0.000000 1560.979858 0.000000 0.000000 0.000000 1.000000 1.000000 1.000000 1.000000
1138.307739 0.000000 1608.682373 0.000000 0.000000 0.000000 1.000000 1.000000 1.000000 1.000000
1198.966431 0.000000 1614.868042 0.000000 0.000000 0.000000 1.000000 1.000000 1.000000 1.000000
1194.250488 0.000000 1998.113403 0.000000 0.000000 0.000000 1.000000 1.000000 1.000000 1.000000
1180.809082 0.000000 1973.897827 0.000000 0.000000 0.000000 1.000000 1.000000 1.000000 1.000000
1236.934692 0.000000 2074.929932 0.000000 0.000000 0.000000 1.000000 1.000000 1.000000 1.000000
1223.788086 0.000000 1975.494507 0.000000 0.000000 0.000000 1.000000 1.000000 1.000000 1.000000
1290.897583 0.000000 1984.378906 0.000000 0.000000 0.000000 1.000000 1.000000 1.000000 1.000000
1300.859497 0.000000 1834.634644 0.000000 0.000000 0.000000 1.000000 1.000000 1.000000 1.000000
1259.686890 0.000000 1855.711060 0.000000 0.000000 0.000000 1.000000 1.000000 1.000000 1.000000
3623.078125 0.000000 2254.067871 0.000000 0.000000 0.000000 1.000000 1.000000 1.000000 1.000000
3563.188477 0.000000 2219.833008 0.000000 0.000000 0.000000 1.000000 1.000000 1.000000 1.000000
3474.995850 0.000000 2104.292725 0.000000 0.000000 0.000000 1.000000 1.000000 1.000000 1.000000
3507.514160 0.000000 2017.214844 0.000000 0.000000 0.000000 1.000000 1.000000 1.000000 1.000000
3535.807861 0.000000 2075.515625 0.000000 0.000000 0.000000 1.000000 1.000000 1.000000 1.000000
3617.372070 0.000000 2103.814941 0.000000 0.000000 0.000000 1.000000 1.000000 1.000000 1.000000
3412.529541 0.000000 2157.352539 0.000000 0.000000 0.000000 1.000000 1.000000 1.000000 1.000000
3359.766602 0.000000 2110.617188 0.000000 0.000000 0.000000 1.000000 1.000000 1.000000 1.000000
3448.413818 0.000000 2003.044922 0.000000 0.000000 0.000000 1.000000 1.000000 1.000000 1.000000
3509.022217 0.000000 2025.259155 0.000000 0.000000 0.000000 1.000000 1.000000 1.000000 1.000000
3435.607666 0.000000 1899.036133 0.000000 0.000000 0.000000 1.000000 1.000000 1.000000 1.000000
3268.273926 0.000000 1825.232178 0.000000 0.000000 0.000000 1.000000 1.000000 1.000000 1.000000
3337.522949 0.000000 1889.608643 0.000000 0.000000 0.000000 1.000000 1.000000 1.000000 1.000000
3381.515381 0.000000 1993.903687 0.000000 0.000000 0.000000 1.000000 1.000000 1.000000 1.000000
3231.639160 0.000000 1860.394287 0.000000 0.000000 0.000000 1.000000 1.000000 1.000000 1.000000
3248.138428 0.000000 1823.827148 0.000000 0.000000 0.000000 1.000000 1.000000 1.000000 1.000000
3271.743896 0.000000 1839.574585 0.000000 0.000000 0.000000 1.000000 1.000000 1.000000 1.000000
3223.015625 0.000000 1831.347046 0.000000 0.000000 0.000000 1.000000 1.000000 1.000000 1.000000
3203.930664 0.000000 2309.062988 0.000000 0.000000 0.000000 1.000000 1.000000 1.000000 1.000000
3221.626221 0.000000 2247.235840 0.000000 0.000000 0.000000 1.000000 1.000000 1.000000 1.000000
3183.175049 0.000000 2279.449951 0.000000 0.000000 0.000000 1.000000 1.000000 1.000000 1.000000
3162.165039 0.000000 2223.696289 0.000000 0.000000 0.000000 1.000000 1.000000 1.000000 1.000000
3167.933350 0.000000 2187.818115 0.000000 0.000000 0.000000 1.000000 1.000000 1.000000 1.000000
3141.365479 0.000000 2123.968994 0.000000 0.000000 0.000000 1.000000 1.000000 1.000000 1.000000
3109.711426 0.000000 2175.739746 0.000000 0.000000 0.000000 1.000000 1.000000 1.000000 1.000000
1230.404175 0.000000 1375.776123 0.000000 0.000000 0.000000 1.000000 1.000000 1.000000 1.000000
1206.625366 0.000000 1382.854858 0.000000 0.000000 0.000000 1.000000 1.000000 1.000000 1.000000
1123.401367 0.000000 1410.902466 0.000000 0.000000 0.000000 1.000000 1.000000 1.000000 1.000000
1109.711304 0.000000 1441.832153 0.000000 0.000000 0.000000 1.000000 1.000000 1.000000 1.000000
1092.430786 0.000000 1419.566650 0.000000 0.000000 0.000000 1.000000 1.000000 1.000000 1.000000
1191.265625 0.000000 1398.538086 0.000000 0.000000 0.000000 1.000000 1.000000 1.000000 1.000000
1179.142090 0.000000 1390.661377 0.000000 0.000000 0.000000 1.000000 1.000000 1.000000 1.000000
1144.323486 0.000000 1417.222290 0.000000 0.000000 0.000000 1.000000 1.000000 1.000000 1.000000
1124.437866 0.000000 1426.694946 0.000000 0.000000 0.000000 1.000000 1.000000 1.000000 1.000000
1129.611328 0.000000 1449.886230 0.000000 0.000000 0.000000 1.000000 1.000000 1.000000 1.000000
1145.105957 0.000000 1458.469604 0.000000 0.000000 0.000000 1.000000 1.000000 1.000000 1.000000
1196.962646 0.000000 1403.612305 0.000000 0.000000 0.000000 1.000000 1.000000 1.000000 1.000000
1227.219727 0.000000 1395.245728 0.000000 0.000000 0.000000 1.000000 1.000000 1.000000 1.000000
1212.111084 0.000000 1422.014038 0.000000 0.000000 0.000000 1.000000 1.000000 1.000000 1.000000
1183.431885 0.000000 1440.703125 0.000000 0.000000 0.000000 1.000000 1.000000 1.000000 1.000000
1158.388428 0.000000 1446.741455 0.000000 0.000000 0.000000 1.000000 1.000000 1.000000 1.000000
1316.958252 0.000000 1359.125732 0.000000 0.000000 0.000000 1.000000 1.000000 1.000000 1.000000
1325.493408 0.000000 1406.097290 0.000000 0.000000 0.000000 1.000000 1.000000 1.000000 1.000000
1350.017822 0.000000 1454.619141 0.000000 0.000000 0.000000 1.000000 1.000000 1.000000 1.000000
1431.461182 0.000000 1412.866455 0.000000 0.000000 0.000000 1.000000 1.000000 1.000000 1.000000
1581.153931 0.000000 1540.689941 0.000000 0.000000 0.000000 1.000000 1.000000 1.000000 1.000000
1425.447998 0.000000 1718.510132 0.000000 0.000000 0.000000 1.000000 1.000000 1.000000 1.000000
1406.855591 0.000000 1713.719971 0.000000 0.000000 0.000000 1.000000 1.000000 1.000000 1.000000
1427.982544 0.000000 1568.938965 0.000000 0.000000 0.000000 1.000000 1.000000 1.000000 1.000000
1398.671387 0.000000 1547.511353 0.000000 0.000000 0.000000 1.000000 1.000000 1.000000 1.000000
1385.305664 0.000000 1649.042358 0.000000 0.000000 0.000000 1.000000 1.000000 1.000000 1.000000
1405.377319 0.000000 1606.931396 0.000000 0.000000 0.000000 1.000000 1.000000 1.000000 1.000000
1457.828857 0.000000 1603.019287 0.000000 0.000000 0.000000 1.000000 1.000000 1.000000 1.000000
1512.014648 0.000000 1538.137573 0.000000 0.000000 0.000000 1.000000 1.000000 1.000000 1.000000
1504.748657 0.000000 1567.313232 0.000000 0.000000 0.000000 1.000000 1.000000 1.000000 1.000000
1526.059326 0.000000 1599.363647 0.000000 0.000000 0.000000 1.000000 1.000000 1.000000 1.000000
1505.789795 0.000000 1618.177124 0.000000 0.000000 0.000000 1.000000 1.000000 1.000000 1.000000
1653.563477 0.000000 1533.901123 0.000000 0.000000 0.000000 1.000000 1.000000 1.000000 1.000000
1712.778809 0.000000 1517.348511 0.000000 0.000000 0.000000 1.000000 1.000000 1.000000 1.000000
1752.232544 0.000000 1506.383667 0.000000 0.000000 0.000000 1.000000 1.000000 1.000000 1.000000
1749.954468 0.000000 1515.385620 0.000000 0.000000 0.000000 1.000000 1.000000 1.000000 1.000000
1941.499634 0.000000 1331.353516 0.000000 0.000000 0.000000 1.000000 1.000000 1.000000 1.000000
1936.960327 0.000000 1277.831055 0.000000 0.000000 0.000000 1.000000 1.000000 1.000000 1.000000
3298.810547 0.000000 1824.263184 0.000000 0.000000 0.000000 1.000000 1.000000 1.000000 1.000000
3364.161621 0.000000 1923.203735 0.000000 0.000000 0.000000 1.000000 1.000000 1.000000 1.000000
"}
object={
	name="amb_3D_mountain_emitter"
	clamp_to_water_level=no
	render_under_water=no
	generated_content=no
	layer="Audio_layer"
	entity="map_ambient_3D_mountain"
	count=49
	transform="2843.686035 0.000000 2788.386719 0.000000 0.000000 0.000000 1.000000 1.000000 1.000000 1.000000
2883.419678 0.000000 2777.847168 0.000000 0.000000 0.000000 1.000000 1.000000 1.000000 1.000000
2832.412598 0.000000 2825.258545 0.000000 0.000000 0.000000 1.000000 1.000000 1.000000 1.000000
2166.492188 0.000000 1428.688354 0.000000 0.000000 0.000000 1.000000 1.000000 1.000000 1.000000
2130.995117 0.000000 1447.999756 0.000000 0.000000 0.000000 1.000000 1.000000 1.000000 1.000000
2212.505127 0.000000 1402.453735 0.000000 0.000000 0.000000 1.000000 1.000000 1.000000 1.000000
2188.143066 0.000000 1411.876831 0.000000 0.000000 0.000000 1.000000 1.000000 1.000000 1.000000
2173.972900 0.000000 1443.995728 0.000000 0.000000 0.000000 1.000000 1.000000 1.000000 1.000000
2135.653076 0.000000 1469.016602 0.000000 0.000000 0.000000 1.000000 1.000000 1.000000 1.000000
2114.387939 0.000000 1474.875122 0.000000 0.000000 0.000000 1.000000 1.000000 1.000000 1.000000
2289.042480 0.000000 1277.899658 0.000000 0.000000 0.000000 1.000000 1.000000 1.000000 1.000000
2189.359375 0.000000 1278.576782 0.000000 0.000000 0.000000 1.000000 1.000000 1.000000 1.000000
2092.061768 0.000000 1328.069580 0.000000 0.000000 0.000000 1.000000 1.000000 1.000000 1.000000
2116.454102 0.000000 1332.599731 0.000000 0.000000 0.000000 1.000000 1.000000 1.000000 1.000000
1998.411865 0.000000 1446.745117 0.000000 0.000000 0.000000 1.000000 1.000000 1.000000 1.000000
1962.364746 0.000000 1383.894897 0.000000 0.000000 0.000000 1.000000 1.000000 1.000000 1.000000
2008.190552 0.000000 1424.402466 0.000000 0.000000 0.000000 1.000000 1.000000 1.000000 1.000000
1117.312378 0.000000 1472.913574 0.000000 0.000000 0.000000 1.000000 1.000000 1.000000 1.000000
1058.322876 0.000000 1455.680420 0.000000 0.000000 0.000000 1.000000 1.000000 1.000000 1.000000
1178.500732 0.000000 1480.737305 0.000000 0.000000 0.000000 1.000000 1.000000 1.000000 1.000000
1214.031494 0.000000 1492.053955 0.000000 0.000000 0.000000 1.000000 1.000000 1.000000 1.000000
1289.673462 0.000000 1549.936890 0.000000 0.000000 0.000000 1.000000 1.000000 1.000000 1.000000
1366.351440 0.000000 1508.131348 0.000000 0.000000 0.000000 1.000000 1.000000 1.000000 1.000000
1318.201416 0.000000 1478.981812 0.000000 0.000000 0.000000 1.000000 1.000000 1.000000 1.000000
1273.158447 0.000000 1428.786255 0.000000 0.000000 0.000000 1.000000 1.000000 1.000000 1.000000
1271.421265 0.000000 1366.764526 0.000000 0.000000 0.000000 1.000000 1.000000 1.000000 1.000000
2126.590576 0.000000 1666.963379 0.000000 0.000000 0.000000 1.000000 1.000000 1.000000 1.000000
2156.482910 0.000000 1690.828857 0.000000 0.000000 0.000000 1.000000 1.000000 1.000000 1.000000
2099.938721 0.000000 1655.917969 0.000000 0.000000 0.000000 1.000000 1.000000 1.000000 1.000000
2041.462891 0.000000 1611.574463 0.000000 0.000000 0.000000 1.000000 1.000000 1.000000 1.000000
2064.914795 0.000000 1622.817017 0.000000 0.000000 0.000000 1.000000 1.000000 1.000000 1.000000
2008.478882 0.000000 1607.203003 0.000000 0.000000 0.000000 1.000000 1.000000 1.000000 1.000000
1975.863159 0.000000 1551.275269 0.000000 0.000000 0.000000 1.000000 1.000000 1.000000 1.000000
1947.326538 0.000000 1487.853882 0.000000 0.000000 0.000000 1.000000 1.000000 1.000000 1.000000
1962.648438 0.000000 1506.476074 0.000000 0.000000 0.000000 1.000000 1.000000 1.000000 1.000000
1918.777954 0.000000 1338.748779 0.000000 0.000000 0.000000 1.000000 1.000000 1.000000 1.000000
1882.810669 0.000000 1295.867920 0.000000 0.000000 0.000000 1.000000 1.000000 1.000000 1.000000
1905.323242 0.000000 1347.645508 0.000000 0.000000 0.000000 1.000000 1.000000 1.000000 1.000000
1989.070313 0.000000 1375.624146 0.000000 0.000000 0.000000 1.000000 1.000000 1.000000 1.000000
1971.489014 0.000000 1360.854736 0.000000 0.000000 0.000000 1.000000 1.000000 1.000000 1.000000
2066.956543 0.000000 1296.904419 0.000000 0.000000 0.000000 1.000000 1.000000 1.000000 1.000000
2002.266724 0.000000 1303.135620 0.000000 0.000000 0.000000 1.000000 1.000000 1.000000 1.000000
2212.275391 0.000000 1517.672485 0.000000 0.000000 0.000000 1.000000 1.000000 1.000000 1.000000
2210.323242 0.000000 1476.930542 0.000000 0.000000 0.000000 1.000000 1.000000 1.000000 1.000000
2245.030273 0.000000 1524.285034 0.000000 0.000000 0.000000 1.000000 1.000000 1.000000 1.000000
2283.768066 0.000000 1599.057495 0.000000 0.000000 0.000000 1.000000 1.000000 1.000000 1.000000
2302.984619 0.000000 1674.507080 0.000000 0.000000 0.000000 1.000000 1.000000 1.000000 1.000000
2602.517090 0.000000 1797.270386 0.000000 0.000000 0.000000 1.000000 1.000000 1.000000 1.000000
3262.359131 0.000000 1943.718506 0.000000 0.000000 0.000000 1.000000 1.000000 1.000000 1.000000
"}
object={
	name="amb_3D_ocean_emitter"
	clamp_to_water_level=yes
	render_under_water=no
	generated_content=no
	layer="Audio_layer"
	entity="map_ambient_3D_ocean"
	count=232
	transform="1805.579346 0.000000 1300.011230 0.000000 0.000000 0.000000 1.000000 1.000000 1.000000 1.000000
3209.265137 0.000000 1055.353149 0.000000 0.000000 0.000000 1.000000 1.000000 1.000000 1.000000
3153.892822 0.000000 1085.037842 0.000000 0.000000 0.000000 1.000000 1.000000 1.000000 1.000000
3115.756104 0.000000 1099.101318 0.000000 0.000000 0.000000 1.000000 1.000000 1.000000 1.000000
3060.690674 0.000000 1115.378418 0.000000 0.000000 0.000000 1.000000 1.000000 1.000000 1.000000
2838.054932 0.000000 1130.542236 0.000000 0.000000 0.000000 1.000000 1.000000 1.000000 1.000000
2838.869873 0.000000 1094.231689 0.000000 0.000000 0.000000 1.000000 1.000000 1.000000 1.000000
2996.021729 0.000000 1021.100403 0.000000 0.000000 0.000000 1.000000 1.000000 1.000000 1.000000
2975.504395 0.000000 1101.396851 0.000000 0.000000 0.000000 1.000000 1.000000 1.000000 1.000000
3008.379883 0.000000 1120.661621 0.000000 0.000000 0.000000 1.000000 1.000000 1.000000 1.000000
2922.529785 0.000000 1132.543457 0.000000 0.000000 0.000000 1.000000 1.000000 1.000000 1.000000
2769.778320 0.000000 1197.031616 0.000000 0.000000 0.000000 1.000000 1.000000 1.000000 1.000000
2899.135742 0.000000 1165.143066 0.000000 0.000000 0.000000 1.000000 1.000000 1.000000 1.000000
2875.817383 0.000000 1194.366211 0.000000 0.000000 0.000000 1.000000 1.000000 1.000000 1.000000
2844.907959 0.000000 1223.173462 0.000000 0.000000 0.000000 1.000000 1.000000 1.000000 1.000000
2823.441162 0.000000 1257.268066 0.000000 0.000000 0.000000 1.000000 1.000000 1.000000 1.000000
2824.607910 0.000000 1240.114380 0.000000 0.000000 0.000000 1.000000 1.000000 1.000000 1.000000
2813.625488 0.000000 1184.671387 0.000000 0.000000 0.000000 1.000000 1.000000 1.000000 1.000000
2705.528076 0.000000 1180.480835 0.000000 0.000000 0.000000 1.000000 1.000000 1.000000 1.000000
2602.427490 0.000000 1186.961182 0.000000 0.000000 0.000000 1.000000 1.000000 1.000000 1.000000
2491.220703 0.000000 1162.399414 0.000000 0.000000 0.000000 1.000000 1.000000 1.000000 1.000000
2415.713135 0.000000 1137.841675 0.000000 0.000000 0.000000 1.000000 1.000000 1.000000 1.000000
2285.880127 0.000000 1148.840576 0.000000 0.000000 0.000000 1.000000 1.000000 1.000000 1.000000
1797.265991 0.000000 1256.333130 0.000000 0.000000 0.000000 1.000000 1.000000 1.000000 1.000000
2104.871338 0.000000 1210.882935 0.000000 0.000000 0.000000 1.000000 1.000000 1.000000 1.000000
2013.935913 0.000000 1213.365723 0.000000 0.000000 0.000000 1.000000 1.000000 1.000000 1.000000
1754.728027 0.000000 1461.617065 0.000000 0.000000 0.000000 1.000000 1.000000 1.000000 1.000000
1785.431763 0.000000 1539.912720 0.000000 0.000000 0.000000 1.000000 1.000000 1.000000 1.000000
1804.711182 0.000000 1583.596069 0.000000 0.000000 0.000000 1.000000 1.000000 1.000000 1.000000
1849.840088 0.000000 1646.179688 0.000000 0.000000 0.000000 1.000000 1.000000 1.000000 1.000000
1871.518921 0.000000 1649.112427 0.000000 0.000000 0.000000 1.000000 1.000000 1.000000 1.000000
1908.934814 0.000000 1697.036865 0.000000 0.000000 0.000000 1.000000 1.000000 1.000000 1.000000
1933.630127 0.000000 1738.753174 0.000000 0.000000 0.000000 1.000000 1.000000 1.000000 1.000000
1939.272949 0.000000 1765.340088 0.000000 0.000000 0.000000 1.000000 1.000000 1.000000 1.000000
1945.722656 0.000000 1813.308838 0.000000 0.000000 0.000000 1.000000 1.000000 1.000000 1.000000
1945.217041 0.000000 1854.145630 0.000000 0.000000 0.000000 1.000000 1.000000 1.000000 1.000000
1917.989746 0.000000 1909.592407 0.000000 0.000000 0.000000 1.000000 1.000000 1.000000 1.000000
1833.166260 0.000000 1947.156738 0.000000 0.000000 0.000000 1.000000 1.000000 1.000000 1.000000
1807.408691 0.000000 1960.416260 0.000000 0.000000 0.000000 1.000000 1.000000 1.000000 1.000000
1742.951904 0.000000 1976.177002 0.000000 0.000000 0.000000 1.000000 1.000000 1.000000 1.000000
1732.391602 0.000000 2003.239868 0.000000 0.000000 0.000000 1.000000 1.000000 1.000000 1.000000
1692.820679 0.000000 2042.406006 0.000000 0.000000 0.000000 1.000000 1.000000 1.000000 1.000000
1630.265503 0.000000 2069.227295 0.000000 0.000000 0.000000 1.000000 1.000000 1.000000 1.000000
1576.221436 0.000000 2075.168213 0.000000 0.000000 0.000000 1.000000 1.000000 1.000000 1.000000
1554.419556 0.000000 2009.912231 0.000000 0.000000 0.000000 1.000000 1.000000 1.000000 1.000000
1411.201904 0.000000 1833.619385 0.000000 0.000000 0.000000 1.000000 1.000000 1.000000 1.000000
1442.507935 0.000000 1822.661377 0.000000 0.000000 0.000000 1.000000 1.000000 1.000000 1.000000
1496.160034 0.000000 1829.346313 0.000000 0.000000 0.000000 1.000000 1.000000 1.000000 1.000000
1567.797852 0.000000 1802.453979 0.000000 0.000000 0.000000 1.000000 1.000000 1.000000 1.000000
1608.812256 0.000000 1740.922729 0.000000 0.000000 0.000000 1.000000 1.000000 1.000000 1.000000
1682.184814 0.000000 1715.412109 0.000000 0.000000 0.000000 1.000000 1.000000 1.000000 1.000000
1654.961304 0.000000 1761.675415 0.000000 0.000000 0.000000 1.000000 1.000000 1.000000 1.000000
1633.100830 0.000000 1809.945068 0.000000 0.000000 0.000000 1.000000 1.000000 1.000000 1.000000
1622.347656 0.000000 1837.172119 0.000000 0.000000 0.000000 1.000000 1.000000 1.000000 1.000000
1619.113525 0.000000 1868.412842 0.000000 0.000000 0.000000 1.000000 1.000000 1.000000 1.000000
1597.123779 0.000000 1918.571899 0.000000 0.000000 0.000000 1.000000 1.000000 1.000000 1.000000
1578.142944 0.000000 2005.612183 0.000000 0.000000 0.000000 1.000000 1.000000 1.000000 1.000000
1387.527588 0.000000 2130.616455 0.000000 0.000000 0.000000 1.000000 1.000000 1.000000 1.000000
1440.072510 0.000000 2189.539307 0.000000 0.000000 0.000000 1.000000 1.000000 1.000000 1.000000
1486.428589 0.000000 2189.105957 0.000000 0.000000 0.000000 1.000000 1.000000 1.000000 1.000000
1551.435547 0.000000 2116.476074 0.000000 0.000000 0.000000 1.000000 1.000000 1.000000 1.000000
1519.307983 0.000000 2064.908203 0.000000 0.000000 0.000000 1.000000 1.000000 1.000000 1.000000
1554.531860 0.000000 1964.282349 0.000000 0.000000 0.000000 1.000000 1.000000 1.000000 1.000000
1572.411865 0.000000 1892.386597 0.000000 0.000000 0.000000 1.000000 1.000000 1.000000 1.000000
1552.975708 0.000000 1850.334473 0.000000 0.000000 0.000000 1.000000 1.000000 1.000000 1.000000
1508.339478 0.000000 1844.880249 0.000000 0.000000 0.000000 1.000000 1.000000 1.000000 1.000000
1445.597412 0.000000 1841.656006 0.000000 0.000000 0.000000 1.000000 1.000000 1.000000 1.000000
1459.376099 0.000000 1878.356201 0.000000 0.000000 0.000000 1.000000 1.000000 1.000000 1.000000
1416.285034 0.000000 1924.590820 0.000000 0.000000 0.000000 1.000000 1.000000 1.000000 1.000000
1415.519043 0.000000 1969.902832 0.000000 0.000000 0.000000 1.000000 1.000000 1.000000 1.000000
1387.422119 0.000000 2066.997070 0.000000 0.000000 0.000000 1.000000 1.000000 1.000000 1.000000
1399.351563 0.000000 2134.427002 0.000000 0.000000 0.000000 1.000000 1.000000 1.000000 1.000000
1336.171997 0.000000 2103.327881 0.000000 0.000000 0.000000 1.000000 1.000000 1.000000 1.000000
1368.365356 0.000000 2115.744629 0.000000 0.000000 0.000000 1.000000 1.000000 1.000000 1.000000
1378.437012 0.000000 2170.203369 0.000000 0.000000 0.000000 1.000000 1.000000 1.000000 1.000000
1364.343750 0.000000 2231.726318 0.000000 0.000000 0.000000 1.000000 1.000000 1.000000 1.000000
1301.637207 0.000000 2301.608643 0.000000 0.000000 0.000000 1.000000 1.000000 1.000000 1.000000
1248.271729 0.000000 2322.019287 0.000000 0.000000 0.000000 1.000000 1.000000 1.000000 1.000000
1189.763550 0.000000 2256.052979 0.000000 0.000000 0.000000 1.000000 1.000000 1.000000 1.000000
1203.444336 0.000000 2213.566406 0.000000 0.000000 0.000000 1.000000 1.000000 1.000000 1.000000
1414.879150 0.000000 1808.108643 0.000000 0.000000 0.000000 1.000000 1.000000 1.000000 1.000000
1400.099243 0.000000 1844.046265 0.000000 0.000000 0.000000 1.000000 1.000000 1.000000 1.000000
1378.022217 0.000000 1860.730713 0.000000 0.000000 0.000000 1.000000 1.000000 1.000000 1.000000
1366.334595 0.000000 1889.388062 0.000000 0.000000 0.000000 1.000000 1.000000 1.000000 1.000000
1363.750000 0.000000 1944.693481 0.000000 0.000000 0.000000 1.000000 1.000000 1.000000 1.000000
1356.346680 0.000000 2006.845459 0.000000 0.000000 0.000000 1.000000 1.000000 1.000000 1.000000
1360.396484 0.000000 2031.791748 0.000000 0.000000 0.000000 1.000000 1.000000 1.000000 1.000000
1307.979370 0.000000 2080.741455 0.000000 0.000000 0.000000 1.000000 1.000000 1.000000 1.000000
1285.277222 0.000000 2119.707520 0.000000 0.000000 0.000000 1.000000 1.000000 1.000000 1.000000
1231.582886 0.000000 2157.173096 0.000000 0.000000 0.000000 1.000000 1.000000 1.000000 1.000000
1196.624390 0.000000 2146.224854 0.000000 0.000000 0.000000 1.000000 1.000000 1.000000 1.000000
1159.414917 0.000000 2078.017578 0.000000 0.000000 0.000000 1.000000 1.000000 1.000000 1.000000
1117.550049 0.000000 2001.228760 0.000000 0.000000 0.000000 1.000000 1.000000 1.000000 1.000000
1127.153198 0.000000 1927.353882 0.000000 0.000000 0.000000 1.000000 1.000000 1.000000 1.000000
1129.979370 0.000000 1895.152710 0.000000 0.000000 0.000000 1.000000 1.000000 1.000000 1.000000
1123.258911 0.000000 1849.097168 0.000000 0.000000 0.000000 1.000000 1.000000 1.000000 1.000000
1193.872437 0.000000 1783.894775 0.000000 0.000000 0.000000 1.000000 1.000000 1.000000 1.000000
1239.568604 0.000000 1755.593018 0.000000 0.000000 0.000000 1.000000 1.000000 1.000000 1.000000
1269.310425 0.000000 1716.917480 0.000000 0.000000 0.000000 1.000000 1.000000 1.000000 1.000000
1228.098145 0.000000 1710.119507 0.000000 0.000000 0.000000 1.000000 1.000000 1.000000 1.000000
1172.487305 0.000000 1685.065674 0.000000 0.000000 0.000000 1.000000 1.000000 1.000000 1.000000
1126.248047 0.000000 1674.743530 0.000000 0.000000 0.000000 1.000000 1.000000 1.000000 1.000000
1062.151611 0.000000 1681.662354 0.000000 0.000000 0.000000 1.000000 1.000000 1.000000 1.000000
962.845581 0.000000 1651.732422 0.000000 0.000000 0.000000 1.000000 1.000000 1.000000 1.000000
637.565186 0.000000 1598.373657 0.000000 0.000000 0.000000 1.000000 1.000000 1.000000 1.000000
641.185486 0.000000 1568.547607 0.000000 0.000000 0.000000 1.000000 1.000000 1.000000 1.000000
826.659119 0.000000 1352.156128 0.000000 0.000000 0.000000 1.000000 1.000000 1.000000 1.000000
739.804077 0.000000 1506.321777 0.000000 0.000000 0.000000 1.000000 1.000000 1.000000 1.000000
724.538574 0.000000 1539.415649 0.000000 0.000000 0.000000 1.000000 1.000000 1.000000 1.000000
747.522217 0.000000 1606.565308 0.000000 0.000000 0.000000 1.000000 1.000000 1.000000 1.000000
786.847656 0.000000 1656.039063 0.000000 0.000000 0.000000 1.000000 1.000000 1.000000 1.000000
920.139160 0.000000 1710.552368 0.000000 0.000000 0.000000 1.000000 1.000000 1.000000 1.000000
1027.181030 0.000000 1670.774170 0.000000 0.000000 0.000000 1.000000 1.000000 1.000000 1.000000
980.788330 0.000000 1658.494995 0.000000 0.000000 0.000000 1.000000 1.000000 1.000000 1.000000
930.690796 0.000000 1637.890503 0.000000 0.000000 0.000000 1.000000 1.000000 1.000000 1.000000
881.395264 0.000000 1627.351440 0.000000 0.000000 0.000000 1.000000 1.000000 1.000000 1.000000
831.779419 0.000000 1579.984863 0.000000 0.000000 0.000000 1.000000 1.000000 1.000000 1.000000
813.967285 0.000000 1532.265869 0.000000 0.000000 0.000000 1.000000 1.000000 1.000000 1.000000
806.603271 0.000000 1496.772461 0.000000 0.000000 0.000000 1.000000 1.000000 1.000000 1.000000
837.510010 0.000000 1473.027100 0.000000 0.000000 0.000000 1.000000 1.000000 1.000000 1.000000
862.126343 0.000000 1447.860352 0.000000 0.000000 0.000000 1.000000 1.000000 1.000000 1.000000
916.709717 0.000000 1438.657227 0.000000 0.000000 0.000000 1.000000 1.000000 1.000000 1.000000
954.614624 0.000000 1418.350952 0.000000 0.000000 0.000000 1.000000 1.000000 1.000000 1.000000
956.666931 0.000000 1382.429199 0.000000 0.000000 0.000000 1.000000 1.000000 1.000000 1.000000
1033.965942 0.000000 1342.558350 0.000000 0.000000 0.000000 1.000000 1.000000 1.000000 1.000000
1270.447021 0.000000 1141.640625 0.000000 0.000000 0.000000 1.000000 1.000000 1.000000 1.000000
1119.586914 0.000000 1195.935303 0.000000 0.000000 0.000000 1.000000 1.000000 1.000000 1.000000
1128.387939 0.000000 1351.935669 0.000000 0.000000 0.000000 1.000000 1.000000 1.000000 1.000000
1196.006592 0.000000 1285.382324 0.000000 0.000000 0.000000 1.000000 1.000000 1.000000 1.000000
1326.118896 0.000000 1191.669189 0.000000 0.000000 0.000000 1.000000 1.000000 1.000000 1.000000
1404.630615 0.000000 1145.969604 0.000000 0.000000 0.000000 1.000000 1.000000 1.000000 1.000000
1405.813232 0.000000 1122.486328 0.000000 0.000000 0.000000 1.000000 1.000000 1.000000 1.000000
1300.100098 0.000000 1204.681885 0.000000 0.000000 0.000000 1.000000 1.000000 1.000000 1.000000
1379.945557 0.000000 1138.269043 0.000000 0.000000 0.000000 1.000000 1.000000 1.000000 1.000000
1508.802612 0.000000 1054.449463 0.000000 0.000000 0.000000 1.000000 1.000000 1.000000 1.000000
1749.149048 0.000000 1364.312134 0.000000 0.000000 0.000000 1.000000 1.000000 1.000000 1.000000
1732.449707 0.000000 1277.073486 0.000000 0.000000 0.000000 1.000000 1.000000 1.000000 1.000000
1637.378540 0.000000 1096.505981 0.000000 0.000000 0.000000 1.000000 1.000000 1.000000 1.000000
1706.270996 0.000000 1404.524780 0.000000 0.000000 0.000000 1.000000 1.000000 1.000000 1.000000
1750.811035 0.000000 1468.713013 0.000000 0.000000 0.000000 1.000000 1.000000 1.000000 1.000000
1770.249878 0.000000 1517.297607 0.000000 0.000000 0.000000 1.000000 1.000000 1.000000 1.000000
1916.879639 0.000000 1538.633179 0.000000 0.000000 0.000000 1.000000 1.000000 1.000000 1.000000
1901.433350 0.000000 1486.833740 0.000000 0.000000 0.000000 1.000000 1.000000 1.000000 1.000000
1937.554932 0.000000 1574.482422 0.000000 0.000000 0.000000 1.000000 1.000000 1.000000 1.000000
1959.716797 0.000000 1616.406616 0.000000 0.000000 0.000000 1.000000 1.000000 1.000000 1.000000
2078.627441 0.000000 1713.231934 0.000000 0.000000 0.000000 1.000000 1.000000 1.000000 1.000000
2131.887939 0.000000 1764.894287 0.000000 0.000000 0.000000 1.000000 1.000000 1.000000 1.000000
2189.620605 0.000000 1831.851196 0.000000 0.000000 0.000000 1.000000 1.000000 1.000000 1.000000
2254.306152 0.000000 1887.610474 0.000000 0.000000 0.000000 1.000000 1.000000 1.000000 1.000000
2237.283936 0.000000 1876.994995 0.000000 0.000000 0.000000 1.000000 1.000000 1.000000 1.000000
2328.835449 0.000000 1918.087524 0.000000 0.000000 0.000000 1.000000 1.000000 1.000000 1.000000
2275.976074 0.000000 1890.579346 0.000000 0.000000 0.000000 1.000000 1.000000 1.000000 1.000000
2288.003174 0.000000 1892.420166 0.000000 0.000000 0.000000 1.000000 1.000000 1.000000 1.000000
3123.422607 0.000000 2820.693115 0.000000 0.000000 0.000000 1.000000 1.000000 1.000000 1.000000
3059.224609 0.000000 2847.034424 0.000000 0.000000 0.000000 1.000000 1.000000 1.000000 1.000000
2914.953613 0.000000 2829.832520 0.000000 0.000000 0.000000 1.000000 1.000000 1.000000 1.000000
2891.548340 0.000000 2834.396973 0.000000 0.000000 0.000000 1.000000 1.000000 1.000000 1.000000
2829.993652 0.000000 2844.290527 0.000000 0.000000 0.000000 1.000000 1.000000 1.000000 1.000000
2770.481201 0.000000 2842.514160 0.000000 0.000000 0.000000 1.000000 1.000000 1.000000 1.000000
2758.895752 0.000000 2684.616943 0.000000 0.000000 0.000000 1.000000 1.000000 1.000000 1.000000
2784.337646 0.000000 2720.206787 0.000000 0.000000 0.000000 1.000000 1.000000 1.000000 1.000000
2685.352783 0.000000 2765.997559 0.000000 0.000000 0.000000 1.000000 1.000000 1.000000 1.000000
2705.901367 0.000000 2785.004883 0.000000 0.000000 0.000000 1.000000 1.000000 1.000000 1.000000
2762.470947 0.000000 2805.052490 0.000000 0.000000 0.000000 1.000000 1.000000 1.000000 1.000000
2794.616943 0.000000 2764.706543 0.000000 0.000000 0.000000 1.000000 1.000000 1.000000 1.000000
2865.120850 0.000000 2735.279541 0.000000 0.000000 0.000000 1.000000 1.000000 1.000000 1.000000
2930.792480 0.000000 2719.462646 0.000000 0.000000 0.000000 1.000000 1.000000 1.000000 1.000000
2942.802734 0.000000 2674.924561 0.000000 0.000000 0.000000 1.000000 1.000000 1.000000 1.000000
2929.128174 0.000000 2665.249512 0.000000 0.000000 0.000000 1.000000 1.000000 1.000000 1.000000
2865.381104 0.000000 2627.502441 0.000000 0.000000 0.000000 1.000000 1.000000 1.000000 1.000000
2857.743164 0.000000 2572.277344 0.000000 0.000000 0.000000 1.000000 1.000000 1.000000 1.000000
2926.549072 0.000000 2577.136963 0.000000 0.000000 0.000000 1.000000 1.000000 1.000000 1.000000
2974.105957 0.000000 2626.109131 0.000000 0.000000 0.000000 1.000000 1.000000 1.000000 1.000000
2963.935303 0.000000 2600.385254 0.000000 0.000000 0.000000 1.000000 1.000000 1.000000 1.000000
2947.420410 0.000000 2549.026611 0.000000 0.000000 0.000000 1.000000 1.000000 1.000000 1.000000
2938.431396 0.000000 2506.935547 0.000000 0.000000 0.000000 1.000000 1.000000 1.000000 1.000000
3052.914063 0.000000 2500.833252 0.000000 0.000000 0.000000 1.000000 1.000000 1.000000 1.000000
3010.189697 0.000000 2477.786133 0.000000 0.000000 0.000000 1.000000 1.000000 1.000000 1.000000
3110.378662 0.000000 2463.353271 0.000000 0.000000 0.000000 1.000000 1.000000 1.000000 1.000000
3113.073975 0.000000 2439.380859 0.000000 0.000000 0.000000 1.000000 1.000000 1.000000 1.000000
3130.464111 0.000000 2359.125488 0.000000 0.000000 0.000000 1.000000 1.000000 1.000000 1.000000
3020.266113 0.000000 2243.064941 0.000000 0.000000 0.000000 1.000000 1.000000 1.000000 1.000000
2840.237549 0.000000 2156.168457 0.000000 0.000000 0.000000 1.000000 1.000000 1.000000 1.000000
2754.304688 0.000000 2106.878174 0.000000 0.000000 0.000000 1.000000 1.000000 1.000000 1.000000
2812.377441 0.000000 2027.322144 0.000000 0.000000 0.000000 1.000000 1.000000 1.000000 1.000000
2836.148682 0.000000 2093.684326 0.000000 0.000000 0.000000 1.000000 1.000000 1.000000 1.000000
2565.311035 0.000000 1993.487915 0.000000 0.000000 0.000000 1.000000 1.000000 1.000000 1.000000
2621.917969 0.000000 2013.701904 0.000000 0.000000 0.000000 1.000000 1.000000 1.000000 1.000000
2719.446533 0.000000 2034.643921 0.000000 0.000000 0.000000 1.000000 1.000000 1.000000 1.000000
2774.137695 0.000000 1998.279175 0.000000 0.000000 0.000000 1.000000 1.000000 1.000000 1.000000
2846.927002 0.000000 2040.862671 0.000000 0.000000 0.000000 1.000000 1.000000 1.000000 1.000000
3028.699951 0.000000 1950.292603 0.000000 0.000000 0.000000 1.000000 1.000000 1.000000 1.000000
3004.077637 0.000000 1993.171021 0.000000 0.000000 0.000000 1.000000 1.000000 1.000000 1.000000
2908.437744 0.000000 2006.737671 0.000000 0.000000 0.000000 1.000000 1.000000 1.000000 1.000000
2872.851074 0.000000 1959.829834 0.000000 0.000000 0.000000 1.000000 1.000000 1.000000 1.000000
2950.522705 0.000000 1952.896606 0.000000 0.000000 0.000000 1.000000 1.000000 1.000000 1.000000
2956.995361 0.000000 1908.827148 0.000000 0.000000 0.000000 1.000000 1.000000 1.000000 1.000000
2889.692871 0.000000 1917.129028 0.000000 0.000000 0.000000 1.000000 1.000000 1.000000 1.000000
2852.451172 0.000000 1896.221191 0.000000 0.000000 0.000000 1.000000 1.000000 1.000000 1.000000
1799.709473 0.000000 3066.824219 0.000000 0.000000 0.000000 1.000000 1.000000 1.000000 1.000000
1744.254517 0.000000 2952.052734 0.000000 0.000000 0.000000 1.000000 1.000000 1.000000 1.000000
1652.723877 0.000000 2756.322510 0.000000 0.000000 0.000000 1.000000 1.000000 1.000000 1.000000
1561.209961 0.000000 2612.972656 0.000000 0.000000 0.000000 1.000000 1.000000 1.000000 1.000000
1425.568604 0.000000 2606.798340 0.000000 0.000000 0.000000 1.000000 1.000000 1.000000 1.000000
1262.682617 0.000000 2605.532959 0.000000 0.000000 0.000000 1.000000 1.000000 1.000000 1.000000
3533.797119 0.000000 3470.334229 0.000000 0.000000 0.000000 1.000000 1.000000 1.000000 1.000000
3606.038330 0.000000 3291.457275 0.000000 0.000000 0.000000 1.000000 1.000000 1.000000 1.000000
3634.270020 0.000000 3163.119385 0.000000 0.000000 0.000000 1.000000 1.000000 1.000000 1.000000
3487.048584 0.000000 3098.252686 0.000000 0.000000 0.000000 1.000000 1.000000 1.000000 1.000000
3227.421875 0.000000 3045.108887 0.000000 0.000000 0.000000 1.000000 1.000000 1.000000 1.000000
3138.301025 0.000000 3073.887207 0.000000 0.000000 0.000000 1.000000 1.000000 1.000000 1.000000
2726.216797 0.000000 2334.435791 0.000000 0.000000 0.000000 1.000000 1.000000 1.000000 1.000000
2644.029297 0.000000 2308.461426 0.000000 0.000000 0.000000 1.000000 1.000000 1.000000 1.000000
2706.255859 0.000000 2119.946533 0.000000 0.000000 0.000000 1.000000 1.000000 1.000000 1.000000
1788.744873 0.000000 1540.075439 0.000000 0.000000 0.000000 1.000000 1.000000 1.000000 1.000000
1772.939087 0.000000 1482.185547 0.000000 0.000000 0.000000 1.000000 1.000000 1.000000 1.000000
1963.401001 0.000000 1818.293457 0.000000 0.000000 0.000000 1.000000 1.000000 1.000000 1.000000
1961.624023 0.000000 1790.435425 0.000000 0.000000 0.000000 1.000000 1.000000 1.000000 1.000000
1953.932373 0.000000 1745.851807 0.000000 0.000000 0.000000 1.000000 1.000000 1.000000 1.000000
1908.145752 0.000000 1699.634644 0.000000 0.000000 0.000000 1.000000 1.000000 1.000000 1.000000
2025.794312 0.000000 1675.450317 0.000000 0.000000 0.000000 1.000000 1.000000 1.000000 1.000000
2000.021973 0.000000 1651.097900 0.000000 0.000000 0.000000 1.000000 1.000000 1.000000 1.000000
2111.154785 0.000000 1738.088745 0.000000 0.000000 0.000000 1.000000 1.000000 1.000000 1.000000
2086.908691 0.000000 1723.180786 0.000000 0.000000 0.000000 1.000000 1.000000 1.000000 1.000000
2067.493164 0.000000 1692.832764 0.000000 0.000000 0.000000 1.000000 1.000000 1.000000 1.000000
3024.273193 0.000000 1954.746094 0.000000 0.000000 0.000000 1.000000 1.000000 1.000000 1.000000
2964.372559 0.000000 1845.424927 0.000000 0.000000 0.000000 1.000000 1.000000 1.000000 1.000000
2802.518555 0.000000 1827.662476 0.000000 0.000000 0.000000 1.000000 1.000000 1.000000 1.000000
2771.821533 0.000000 1833.532837 0.000000 0.000000 0.000000 1.000000 1.000000 1.000000 1.000000
2688.655029 0.000000 2015.419434 0.000000 0.000000 0.000000 1.000000 1.000000 1.000000 1.000000
2771.938721 0.000000 2003.488403 0.000000 0.000000 0.000000 1.000000 1.000000 1.000000 1.000000
2808.247070 0.000000 1953.781494 0.000000 0.000000 0.000000 1.000000 1.000000 1.000000 1.000000
"}
object={
	name="amb_3D_river_emitter"
	clamp_to_water_level=no
	render_under_water=no
	generated_content=no
	layer="Audio_layer"
	entity="map_ambient_3D_river"
	count=109
	transform="1556.374268 0.000000 2889.859375 0.000000 0.000000 0.000000 1.000000 1.000000 1.000000 1.000000
1492.522217 0.000000 2686.474121 0.000000 0.000000 0.000000 1.000000 1.000000 1.000000 1.000000
1592.791992 0.000000 2733.862549 0.000000 0.000000 0.000000 1.000000 1.000000 1.000000 1.000000
1556.903809 0.000000 2696.659668 0.000000 0.000000 0.000000 1.000000 1.000000 1.000000 1.000000
1523.230103 0.000000 2686.002197 0.000000 0.000000 0.000000 1.000000 1.000000 1.000000 1.000000
1553.344604 0.000000 2869.783447 0.000000 0.000000 0.000000 1.000000 1.000000 1.000000 1.000000
1545.803589 0.000000 2839.010742 0.000000 0.000000 0.000000 1.000000 1.000000 1.000000 1.000000
1548.847046 0.000000 2808.359375 0.000000 0.000000 0.000000 1.000000 1.000000 1.000000 1.000000
1567.980835 0.000000 2758.537354 0.000000 0.000000 0.000000 1.000000 1.000000 1.000000 1.000000
2516.991943 0.000000 1913.685669 0.000000 0.000000 0.000000 1.000000 1.000000 1.000000 1.000000
2536.871826 0.000000 1919.216309 0.000000 0.000000 0.000000 1.000000 1.000000 1.000000 1.000000
2544.879639 0.000000 1917.796143 0.000000 0.000000 0.000000 1.000000 1.000000 1.000000 1.000000
2580.126221 0.000000 1938.061646 0.000000 0.000000 0.000000 1.000000 1.000000 1.000000 1.000000
2573.690918 0.000000 1948.907715 0.000000 0.000000 0.000000 1.000000 1.000000 1.000000 1.000000
2551.454834 0.000000 1928.942749 0.000000 0.000000 0.000000 1.000000 1.000000 1.000000 1.000000
2529.148682 0.000000 1889.871216 0.000000 0.000000 0.000000 1.000000 1.000000 1.000000 1.000000
2517.869629 0.000000 1864.660767 0.000000 0.000000 0.000000 1.000000 1.000000 1.000000 1.000000
2405.664795 0.000000 1838.395386 0.000000 0.000000 0.000000 1.000000 1.000000 1.000000 1.000000
2417.205811 0.000000 1859.233887 0.000000 0.000000 0.000000 1.000000 1.000000 1.000000 1.000000
1810.083252 0.000000 1291.833984 0.000000 0.000000 0.000000 1.000000 1.000000 1.000000 1.000000
1834.053345 0.000000 1287.732056 0.000000 0.000000 0.000000 1.000000 1.000000 1.000000 1.000000
1839.101318 0.000000 1302.177124 0.000000 0.000000 0.000000 1.000000 1.000000 1.000000 1.000000
1870.849731 0.000000 1318.279907 0.000000 0.000000 0.000000 1.000000 1.000000 1.000000 1.000000
1899.952759 0.000000 1345.952148 0.000000 0.000000 0.000000 1.000000 1.000000 1.000000 1.000000
1944.140503 0.000000 1359.254028 0.000000 0.000000 0.000000 1.000000 1.000000 1.000000 1.000000
1931.351685 0.000000 1389.438599 0.000000 0.000000 0.000000 1.000000 1.000000 1.000000 1.000000
1924.959229 0.000000 1416.508423 0.000000 0.000000 0.000000 1.000000 1.000000 1.000000 1.000000
1947.999756 0.000000 1426.722656 0.000000 0.000000 0.000000 1.000000 1.000000 1.000000 1.000000
1980.823486 0.000000 1409.849365 0.000000 0.000000 0.000000 1.000000 1.000000 1.000000 1.000000
1994.139404 0.000000 1398.107178 0.000000 0.000000 0.000000 1.000000 1.000000 1.000000 1.000000
2012.856323 0.000000 1407.602051 0.000000 0.000000 0.000000 1.000000 1.000000 1.000000 1.000000
2037.114990 0.000000 1429.964355 0.000000 0.000000 0.000000 1.000000 1.000000 1.000000 1.000000
2130.601318 0.000000 1461.935181 0.000000 0.000000 0.000000 1.000000 1.000000 1.000000 1.000000
2118.543701 0.000000 1435.958984 0.000000 0.000000 0.000000 1.000000 1.000000 1.000000 1.000000
2111.369141 0.000000 1447.477173 0.000000 0.000000 0.000000 1.000000 1.000000 1.000000 1.000000
2122.459717 0.000000 1455.439941 0.000000 0.000000 0.000000 1.000000 1.000000 1.000000 1.000000
3221.925781 0.000000 1877.815186 0.000000 0.000000 0.000000 1.000000 1.000000 1.000000 1.000000
3215.126953 0.000000 1827.123291 0.000000 0.000000 0.000000 1.000000 1.000000 1.000000 1.000000
3258.796143 0.000000 1810.628174 0.000000 0.000000 0.000000 1.000000 1.000000 1.000000 1.000000
3247.916504 0.000000 1828.345459 0.000000 0.000000 0.000000 1.000000 1.000000 1.000000 1.000000
3219.904053 0.000000 1866.482178 0.000000 0.000000 0.000000 1.000000 1.000000 1.000000 1.000000
3272.260742 0.000000 1869.301270 0.000000 0.000000 0.000000 1.000000 1.000000 1.000000 1.000000
3271.078125 0.000000 1917.341187 0.000000 0.000000 0.000000 1.000000 1.000000 1.000000 1.000000
3250.989746 0.000000 1935.038696 0.000000 0.000000 0.000000 1.000000 1.000000 1.000000 1.000000
3165.291504 0.000000 2006.743164 0.000000 0.000000 0.000000 1.000000 1.000000 1.000000 1.000000
3202.988770 0.000000 1982.000366 0.000000 0.000000 0.000000 1.000000 1.000000 1.000000 1.000000
3152.616943 0.000000 2032.545654 0.000000 0.000000 0.000000 1.000000 1.000000 1.000000 1.000000
3105.538574 0.000000 2059.751953 0.000000 0.000000 0.000000 1.000000 1.000000 1.000000 1.000000
3052.321533 0.000000 2067.028809 0.000000 0.000000 0.000000 1.000000 1.000000 1.000000 1.000000
3041.935059 0.000000 2092.049805 0.000000 0.000000 0.000000 1.000000 1.000000 1.000000 1.000000
3016.996094 0.000000 2142.852539 0.000000 0.000000 0.000000 1.000000 1.000000 1.000000 1.000000
3030.419434 0.000000 2121.936279 0.000000 0.000000 0.000000 1.000000 1.000000 1.000000 1.000000
3028.797363 0.000000 2155.568115 0.000000 0.000000 0.000000 1.000000 1.000000 1.000000 1.000000
3041.933594 0.000000 2192.079346 0.000000 0.000000 0.000000 1.000000 1.000000 1.000000 1.000000
3085.818604 0.000000 2116.340088 0.000000 0.000000 0.000000 1.000000 1.000000 1.000000 1.000000
3175.901123 0.000000 2090.007813 0.000000 0.000000 0.000000 1.000000 1.000000 1.000000 1.000000
3181.781982 0.000000 2118.374512 0.000000 0.000000 0.000000 1.000000 1.000000 1.000000 1.000000
3153.862061 0.000000 2147.012207 0.000000 0.000000 0.000000 1.000000 1.000000 1.000000 1.000000
3207.002197 0.000000 2154.922852 0.000000 0.000000 0.000000 1.000000 1.000000 1.000000 1.000000
3185.802002 0.000000 2158.337402 0.000000 0.000000 0.000000 1.000000 1.000000 1.000000 1.000000
3216.393311 0.000000 2169.933105 0.000000 0.000000 0.000000 1.000000 1.000000 1.000000 1.000000
3195.934814 0.000000 2206.276123 0.000000 0.000000 0.000000 1.000000 1.000000 1.000000 1.000000
3232.887207 0.000000 2235.294922 0.000000 0.000000 0.000000 1.000000 1.000000 1.000000 1.000000
3253.682617 0.000000 2245.669434 0.000000 0.000000 0.000000 1.000000 1.000000 1.000000 1.000000
3264.315430 0.000000 2295.551758 0.000000 0.000000 0.000000 1.000000 1.000000 1.000000 1.000000
3250.933594 0.000000 2288.153076 0.000000 0.000000 0.000000 1.000000 1.000000 1.000000 1.000000
3252.495605 0.000000 2283.388184 0.000000 0.000000 0.000000 1.000000 1.000000 1.000000 1.000000
3255.532715 0.000000 2256.085693 0.000000 0.000000 0.000000 1.000000 1.000000 1.000000 1.000000
3249.133789 0.000000 2269.165039 0.000000 0.000000 0.000000 1.000000 1.000000 1.000000 1.000000
3249.390381 0.000000 2277.468506 0.000000 0.000000 0.000000 1.000000 1.000000 1.000000 1.000000
1841.659790 0.000000 1302.431885 0.000000 0.000000 0.000000 1.000000 1.000000 1.000000 1.000000
1809.187988 0.000000 1292.435669 0.000000 0.000000 0.000000 1.000000 1.000000 1.000000 1.000000
1826.310181 0.000000 1283.718262 0.000000 0.000000 0.000000 1.000000 1.000000 1.000000 1.000000
1866.118896 0.000000 1313.512573 0.000000 0.000000 0.000000 1.000000 1.000000 1.000000 1.000000
1839.583496 0.000000 1299.084961 0.000000 0.000000 0.000000 1.000000 1.000000 1.000000 1.000000
1887.953125 0.000000 1336.169312 0.000000 0.000000 0.000000 1.000000 1.000000 1.000000 1.000000
2602.046875 0.000000 1486.156250 0.000000 0.000000 0.000000 1.000000 1.000000 1.000000 1.000000
2602.936523 0.000000 1506.743774 0.000000 0.000000 0.000000 1.000000 1.000000 1.000000 1.000000
2575.822754 0.000000 1517.107788 0.000000 0.000000 0.000000 1.000000 1.000000 1.000000 1.000000
2565.065918 0.000000 1550.595093 0.000000 0.000000 0.000000 1.000000 1.000000 1.000000 1.000000
2564.576660 0.000000 1573.147339 0.000000 0.000000 0.000000 1.000000 1.000000 1.000000 1.000000
2531.892578 0.000000 1596.640503 0.000000 0.000000 0.000000 1.000000 1.000000 1.000000 1.000000
2507.017578 0.000000 1613.341553 0.000000 0.000000 0.000000 1.000000 1.000000 1.000000 1.000000
2491.015137 0.000000 1634.489746 0.000000 0.000000 0.000000 1.000000 1.000000 1.000000 1.000000
2453.788330 0.000000 1642.012573 0.000000 0.000000 0.000000 1.000000 1.000000 1.000000 1.000000
2431.647705 0.000000 1569.238037 0.000000 0.000000 0.000000 1.000000 1.000000 1.000000 1.000000
2441.491455 0.000000 1585.846680 0.000000 0.000000 0.000000 1.000000 1.000000 1.000000 1.000000
2425.604980 0.000000 1608.385864 0.000000 0.000000 0.000000 1.000000 1.000000 1.000000 1.000000
2393.498535 0.000000 1625.373291 0.000000 0.000000 0.000000 1.000000 1.000000 1.000000 1.000000
2368.918701 0.000000 1638.200806 0.000000 0.000000 0.000000 1.000000 1.000000 1.000000 1.000000
2402.759277 0.000000 1654.280029 0.000000 0.000000 0.000000 1.000000 1.000000 1.000000 1.000000
2435.461914 0.000000 1657.381714 0.000000 0.000000 0.000000 1.000000 1.000000 1.000000 1.000000
2438.938232 0.000000 1670.681152 0.000000 0.000000 0.000000 1.000000 1.000000 1.000000 1.000000
2442.312256 0.000000 1694.916260 0.000000 0.000000 0.000000 1.000000 1.000000 1.000000 1.000000
2431.221680 0.000000 1716.380615 0.000000 0.000000 0.000000 1.000000 1.000000 1.000000 1.000000
2417.388428 0.000000 1739.893311 0.000000 0.000000 0.000000 1.000000 1.000000 1.000000 1.000000
2434.749268 0.000000 1754.160645 0.000000 0.000000 0.000000 1.000000 1.000000 1.000000 1.000000
2443.165039 0.000000 1774.077637 0.000000 0.000000 0.000000 1.000000 1.000000 1.000000 1.000000
2411.216797 0.000000 1800.062500 0.000000 0.000000 0.000000 1.000000 1.000000 1.000000 1.000000
2417.285889 0.000000 1786.725830 0.000000 0.000000 0.000000 1.000000 1.000000 1.000000 1.000000
2383.126953 0.000000 1791.545532 0.000000 0.000000 0.000000 1.000000 1.000000 1.000000 1.000000
2391.549316 0.000000 1816.003418 0.000000 0.000000 0.000000 1.000000 1.000000 1.000000 1.000000
2403.257080 0.000000 1832.384766 0.000000 0.000000 0.000000 1.000000 1.000000 1.000000 1.000000
2207.116211 0.000000 1823.676636 0.000000 0.000000 0.000000 1.000000 1.000000 1.000000 1.000000
2232.890869 0.000000 1813.512329 0.000000 0.000000 0.000000 1.000000 1.000000 1.000000 1.000000
2265.567627 0.000000 1833.310425 0.000000 0.000000 0.000000 1.000000 1.000000 1.000000 1.000000
2271.655029 0.000000 1857.184326 0.000000 0.000000 0.000000 1.000000 1.000000 1.000000 1.000000
2337.073242 0.000000 1872.007324 0.000000 0.000000 0.000000 1.000000 1.000000 1.000000 1.000000
2303.658691 0.000000 1862.374390 0.000000 0.000000 0.000000 1.000000 1.000000 1.000000 1.000000
"}
