object={
	name="wonder_babylonian_ziggurat_01"
	clamp_to_water_level=yes
	render_under_water=yes
	generated_content=no
	layer="monument_layer"
	entity="babylonian_ziggurat_01_entity"
	count=5
	transform="2129.840576 -1.493164 1462.872681 0.000000 0.288825 0.000000 0.957382 1.000000 1.000000 1.000000
2137.576416 -2.448975 1425.796997 0.000000 0.232294 0.000000 0.972646 1.000000 1.000000 1.000000
2605.342529 -2.061768 1333.858154 0.000000 0.000000 0.000000 1.000000 1.000000 1.000000 1.000000
2795.029541 0.000000 1336.996338 0.000000 -0.141219 0.000000 0.989978 1.000000 1.000000 1.000000
2825.034668 -1.536255 1289.148438 0.000000 0.297957 0.000000 0.954580 1.000000 1.000000 1.000000
"}
object={
	name="wonder_babylonian_ziggurat_02"
	clamp_to_water_level=yes
	render_under_water=yes
	generated_content=no
	layer="monument_layer"
	entity="babylonian_ziggurat_02_entity"
	count=5
	transform="2615.798340 -0.465942 1331.692261 0.000000 0.352917 0.000000 0.935655 1.000000 1.000000 1.000000
2598.049072 -0.694214 1334.302368 0.000000 -0.182534 0.000000 0.983200 1.000000 1.000000 1.000000
2813.358887 0.000000 1331.399292 0.000000 -0.126582 0.000000 0.991956 1.000000 1.000000 1.000000
2791.989746 0.000000 1319.417603 0.000000 -0.664008 0.000000 0.747726 1.000000 1.000000 1.000000
2808.674561 0.000000 1293.930542 0.000000 -0.303545 0.000000 0.952817 1.000000 1.000000 1.000000
"}
