object={
	name="egypt_temple_01"
	clamp_to_water_level=yes
	render_under_water=no
	generated_content=no
	layer="monument_layer"
	entity="egypt_temple_01_entity"
	count=3
	transform="2331.215332 1.110352 1857.238281 0.000000 -0.810425 0.000000 -0.585843 1.000000 1.000000 1.000000
2328.345459 0.890015 1857.055420 0.000000 -0.810156 0.000000 -0.586214 1.000000 1.000000 1.000000
2414.181152 0.000000 1549.515625 0.000000 0.239827 0.000000 0.970816 1.000000 1.000000 1.000000
"}
object={
	name="egypt_temple_02"
	clamp_to_water_level=yes
	render_under_water=no
	generated_content=no
	layer="monument_layer"
	entity="egypt_temple_02_entity"
	count=4
	transform="2590.318115 -0.165161 1478.838745 0.000000 0.275064 0.000000 0.961426 1.000000 1.000000 1.000000
2396.338623 0.452759 1502.685791 0.000000 -0.211942 0.000000 0.977282 2.131954 2.131954 2.131954
2343.659424 0.578491 1864.917236 0.000000 -0.999025 0.000000 0.044140 1.000000 1.000000 1.000000
2427.829834 0.585327 1555.064453 0.000000 0.115919 0.000000 0.993259 1.000000 1.000000 1.000000
"}
object={
	name="egypt_temple_03"
	clamp_to_water_level=yes
	render_under_water=no
	generated_content=no
	layer="monument_layer"
	entity="egypt_temple_03_entity"
	count=2
	transform="2328.482910 0.468018 1858.455322 0.000000 -0.589913 0.000000 0.807467 1.000000 1.000000 1.000000
2418.770020 0.000000 1516.880127 0.000000 -0.726994 0.000000 0.686644 1.000000 1.000000 1.000000
"}
object={
	name="egypt_temple_04"
	clamp_to_water_level=yes
	render_under_water=no
	generated_content=no
	layer="monument_layer"
	entity="egypt_temple_04_entity"
	count=4
	transform="2581.020996 0.000000 1470.672119 0.000000 -0.044053 0.000000 0.999029 1.000000 1.000000 1.000000
2328.899902 1.525024 1859.639038 0.000000 0.586030 0.000000 -0.810289 1.000000 1.000000 1.000000
2324.787109 0.000000 1860.261841 0.000000 0.586030 0.000000 -0.810289 1.000000 1.000000 1.000000
2415.355469 0.233521 1545.613281 0.000000 0.219839 0.000000 0.975536 1.000000 1.000000 1.000000
"}
object={
	name="pyramid_01"
	clamp_to_water_level=yes
	render_under_water=no
	generated_content=no
	layer="monument_layer"
	entity="pyramid_01_entity"
	count=2
	transform="2411.927734 -0.005859 1547.263916 0.000000 -0.538224 0.000000 0.842802 0.900500 0.900500 0.900500
0.000000 0.000000 0.000000 0.000000 0.000000 0.000000 1.000000 1.000000 1.000000 1.000000
"}
object={
	name="pyramid_02"
	clamp_to_water_level=yes
	render_under_water=no
	generated_content=no
	layer="monument_layer"
	entity="pyramid_02_entity"
	count=3
	transform="2620.386963 0.000000 1486.568848 0.000000 -0.642919 0.000000 0.765934 1.000000 1.000000 1.000000
2445.318115 -0.242188 1546.500610 0.000000 0.000000 0.000000 1.000000 1.000000 1.000000 1.000000
2423.812744 0.000000 1636.737915 0.000000 0.000000 0.000000 1.000000 0.677551 0.677551 0.677551
"}
object={
	name="pyramid_03"
	clamp_to_water_level=yes
	render_under_water=no
	generated_content=no
	layer="monument_layer"
	entity="pyramid_03_entity"
	count=2
	transform="2505.409912 0.000000 1583.515259 0.000000 0.000000 0.000000 1.000000 1.000000 1.000000 1.000000
2439.236572 0.000000 1553.198120 0.000000 0.000000 0.000000 1.000000 1.000000 1.000000 1.000000
"}
object={
	name="pyramid_04"
	clamp_to_water_level=yes
	render_under_water=no
	generated_content=no
	layer="monument_layer"
	entity="pyramid_04_entity"
	count=5
	transform="2707.938721 0.000000 1469.651978 0.000000 -0.408915 0.000000 0.912573 1.000000 1.000000 1.000000
2563.418457 0.023682 1502.263672 0.000000 -0.999707 0.000000 -0.024203 1.000000 1.000000 1.000000
2558.364746 0.072266 1501.890625 0.000000 -0.032068 0.000000 0.999486 1.000000 1.000000 1.000000
2429.534424 0.000000 1480.014282 0.000000 -0.992153 0.000000 0.125034 1.000000 1.000000 1.000000
2430.795166 0.000000 1526.580200 0.000000 -0.999958 0.000000 0.009120 1.000000 1.000000 1.000000
"}
