object={
	name="lakes"
	clamp_to_water_level=yes
	render_under_water=no
	generated_content=no
	layer="lake_layer"
	pdxmesh="lake_mesh"
	count=13
	transform="3662.784912 0.022705 2255.056885 0.000000 -0.077772 0.000000 0.996971 12.095238 12.095238 12.095238
3467.432129 0.422974 1756.562866 0.000000 0.747161 0.000000 0.664643 15.379985 15.379985 15.379985
3550.376709 3.582520 1789.822998 0.000000 -0.640086 0.000000 0.768303 19.847124 19.847124 19.847124
1493.275269 0.218506 1591.709839 0.000000 0.000000 0.000000 1.000000 13.345381 13.345381 13.345381
1022.928528 1.525391 1533.848877 0.000000 0.000000 0.000000 1.000000 10.299125 10.299125 10.299125
999.503967 0.289673 1508.406494 0.000000 0.000000 0.000000 1.000000 10.578516 10.578516 10.578516
2055.993408 7.036987 1560.152100 0.000000 0.627172 0.000000 0.778880 18.688925 18.688925 18.688925
3361.684814 2.631348 2052.250488 0.000000 0.000000 0.000000 1.000000 13.294405 13.294405 13.294405
3445.487305 10.484131 1237.871826 0.000000 -0.665717 0.000000 0.746204 27.364202 27.364202 27.364202
3355.603027 1.531616 1395.995483 0.000000 0.000000 0.000000 1.000000 15.824517 15.824517 15.824517
1864.982056 2.077393 2912.102539 0.000000 -0.537684 0.000000 0.843146 21.490938 21.490938 21.490938
1559.514038 8.273682 2924.132568 0.000000 0.954002 0.000000 0.299802 28.053370 28.053370 28.053370
3674.767822 1.055176 2126.786133 0.000000 0.723949 0.000000 0.689854 16.630905 16.630905 16.630905
"}
