object={
	name="slavic_balwan_01_entity"
	clamp_to_water_level=yes
	render_under_water=yes
	generated_content=no
	layer="monument_layer"
	entity="slavic_balwan_01_entity"
	count=4
	transform="3748.844727 0.000000 1108.856934 0.000000 0.000000 0.000000 1.000000 1.000000 1.000000 1.000000
3914.616211 0.000000 983.654480 0.000000 0.000000 0.000000 1.000000 1.000000 1.000000 1.000000
3771.579834 -0.268555 1120.211548 0.000000 0.000000 0.000000 1.000000 1.000000 1.000000 1.000000
3744.641602 0.000000 1014.781311 0.000000 0.000000 0.000000 1.000000 1.000000 1.000000 1.000000
"}
object={
	name="slavic_kizhi_wonder_entity"
	clamp_to_water_level=yes
	render_under_water=yes
	generated_content=no
	layer="monument_layer"
	entity="slavic_kizhi_wonder_entity"
	count=2
	transform="3677.303955 0.000000 856.399353 0.000000 0.000000 0.000000 1.000000 0.819110 0.819110 0.819110
3758.516113 -0.417786 1001.892029 0.000000 0.660211 0.000000 0.751080 1.202907 1.202907 1.202907
"}
