object={
	name="volcanoes"
	clamp_to_water_level=no
	render_under_water=yes
	generated_content=no
	layer="monument_layer"
	pdxmesh="volcanic_caldera_01_mesh"
	count=4
	transform="5438.263184 5.377197 2173.673584 0.000000 0.000000 0.000000 1.000000 0.588956 0.588956 0.588956
5390.904785 3.787109 2213.609131 0.000000 0.000000 0.000000 1.000000 0.410645 0.410645 0.410645
1752.651245 2.025635 2323.412842 0.000000 0.069722 0.000000 0.997566 0.367446 0.367446 0.367446
1304.762695 2.733887 2205.912842 0.000000 -0.034524 0.000000 0.999404 0.472095 0.472095 0.472095
"}
